 0.002001 0.000000 1.000000
 0.002001 0.000000 1.000000
 0.000000 0.000000 1.000000
 0.000000 0.000000 1.000000
 0.000000 0.000000 1.000000
 0.000000 0.000000 1.000000
 0.000000 0.000000 1.000000
 0.000000 0.000000 1.000000
 0.000000 0.000000 1.000000
 0.000000 0.000000 1.000000
 0.000000 0.000000 1.000000
 0.000000 0.000000 1.000000
 0.000000 0.000000 1.000000
 0.000000 0.000000 1.000000
 0.000000 0.000000 1.000000
 0.000000 0.000000 1.000000
 0.000000 0.000000 1.000000
 0.000000 0.000000 1.000000
 0.000000 0.000000 1.000000
 0.000000 0.000000 1.000000
 0.000000 0.000000 1.000000
 0.000000 0.000000 1.000000
 0.000000 0.000000 1.000000
 0.000000 0.000000 1.000000
 0.000000 0.000000 1.000000
 0.000000 0.000000 1.000000
 0.000000 0.000000 1.000000
 0.000000 0.000000 1.000000
 0.000000 0.000000 1.000000
 0.000000 0.000000 1.000000
 0.000000 0.000000 1.000000
 0.000000 0.000000 1.000000
 0.000000 0.000000 1.000000
 0.000000 0.000000 1.000000
 0.000000 0.000000 1.000000
 0.000000 0.000000 1.000000
 0.000000 0.000000 1.000000
 0.000000 0.000000 1.000000
 0.000000 0.000000 1.000000
 0.000000 0.000000 1.000000
 0.000000 0.000000 1.000000
 0.000000 0.000000 1.000000
 0.000000 0.000000 1.000000
 0.000000 0.000000 1.000000
 0.000000 0.000000 1.000000
 0.000000 0.000000 1.000000
 0.000000 0.000000 1.000000
 0.000000 0.000000 1.000000
 0.000000 0.000000 1.000000
 0.000000 0.000000 1.000000
 0.000000 0.000000 1.000000
 0.000000 0.000000 1.000000
 0.000000 0.000000 1.000000
 0.000000 0.000000 1.000000
 0.000000 0.000000 1.000000
 0.000000 0.000000 1.000000
 0.000000 0.000000 1.000000
 0.000000 0.000000 1.000000
 0.000000 0.000000 1.000000
 0.000000 0.000000 1.000000
 0.000000 0.000000 1.000000
 0.000000 0.000000 1.000000
 0.000000 0.000000 1.000000
 0.000000 0.000000 1.000000
 0.000000 0.000000 1.000000
 0.000000 0.000000 1.000000
 0.000000 0.000000 1.000000
 0.000000 0.000000 1.000000
 0.000000 0.000000 1.000000
 0.000000 0.000000 1.000000
 0.000000 0.000000 1.000000
 0.000000 0.000000 1.000000
 0.000000 0.000000 1.000000
 0.000000 0.000000 1.000000
 0.000000 0.000000 1.000000
 0.000000 0.000000 1.000000
 0.000000 0.000000 1.000000
 0.000000 0.000000 1.000000
 0.000000 0.000000 1.000000
 0.000000 0.000000 1.000000
 0.000000 0.000000 1.000000
 0.000000 0.000000 1.000000
 0.000000 0.000000 1.000000
 0.000000 0.000000 1.000000
 0.000000 0.000000 1.000000
 0.000000 0.000000 1.000000
 0.000000 0.000000 1.000000
 0.000000 0.000000 1.000000
 0.000000 0.000000 1.000000
 0.000000 0.000000 1.000000
 0.000000 0.000000 1.000000
 0.000000 0.000000 1.000000
 0.000000 0.000000 1.000000
 0.000000 0.000000 1.000000
 0.000000 0.000000 1.000000
 0.000000 0.000000 1.000000
 0.000000 0.000000 1.000000
 0.000000 0.000000 1.000000
 0.000000 0.000000 1.000000
 0.000000 0.000000 1.000000
 0.000000 0.000000 1.000000
 0.000000 0.000000 1.000000
 0.000000 0.000000 1.000000
 0.000000 0.000000 1.000000
 0.000000 0.000000 1.000000
 0.000000 0.000000 1.000000
 0.000000 0.000000 1.000000
 0.000000 0.000000 1.000000
 0.000000 0.000000 1.000000
 0.000000 0.000000 1.000000
 0.000000 0.000000 1.000000
 0.000000 0.000000 1.000000
 0.000000 0.000000 1.000000
 0.000000 0.000000 1.000000
 0.000000 0.000000 1.000000
 0.000000 0.000000 1.000000
 0.000000 0.000000 1.000000
 0.000000 0.000000 1.000000
 0.000000 0.000000 1.000000
 0.000000 0.000000 1.000000
 0.000000 0.000000 1.000000
 0.000000 0.000000 1.000000
 0.000000 0.000000 1.000000
 0.000000 0.000000 1.000000
 0.000000 0.000000 1.000000
 0.000000 0.000000 1.000000
 0.000000 0.000000 1.000000
 0.000000 0.000000 1.000000
 0.000000 0.000000 1.000000
 0.000000 0.000000 1.000000
 0.000000 0.000000 1.000000
 0.000000 0.000000 1.000000
 0.000000 0.000800 1.000000
 0.000000 0.000800 1.000000
 0.000000 0.000800 1.000000
 0.000000 0.006400 1.000000
 0.000000 0.006400 1.000000
 0.000000 0.006400 1.000000
 0.000000 0.006400 1.000000
 0.000000 0.012000 1.000000
 0.000000 0.012000 1.000000
 0.000000 0.012000 1.000000
 0.000000 0.012000 1.000000
 0.000000 0.017600 1.000000
 0.000000 0.017600 1.000000
 0.000000 0.017600 1.000000
 0.000000 0.023200 1.000000
 0.000000 0.023200 1.000000
 0.000000 0.023200 1.000000
 0.000000 0.023200 1.000000
 0.000000 0.028800 1.000000
 0.000000 0.028800 1.000000
 0.000000 0.028800 1.000000
 0.000000 0.028800 1.000000
 0.000000 0.034400 1.000000
 0.000000 0.034400 1.000000
 0.000000 0.034400 1.000000
 0.000000 0.040000 1.000000
 0.000000 0.040000 1.000000
 0.000000 0.040000 1.000000
 0.000000 0.040000 1.000000
 0.000000 0.045600 1.000000
 0.000000 0.045600 1.000000
 0.000000 0.045600 1.000000
 0.000000 0.045600 1.000000
 0.000000 0.051200 1.000000
 0.000000 0.051200 1.000000
 0.000000 0.051200 1.000000
 0.000000 0.051200 1.000000
 0.000000 0.056800 1.000000
 0.000000 0.056800 1.000000
 0.000000 0.056800 1.000000
 0.000000 0.062400 1.000000
 0.000000 0.062400 1.000000
 0.000000 0.062400 1.000000
 0.000000 0.062400 1.000000
 0.000000 0.068000 1.000000
 0.000000 0.068000 1.000000
 0.000000 0.068000 1.000000
 0.000000 0.068000 1.000000
 0.000000 0.073600 1.000000
 0.000000 0.073600 1.000000
 0.000000 0.073600 1.000000
 0.000000 0.079200 1.000000
 0.000000 0.079200 1.000000
 0.000000 0.079200 1.000000
 0.000000 0.079200 1.000000
 0.000000 0.084800 1.000000
 0.000000 0.084800 1.000000
 0.000000 0.084800 1.000000
 0.000000 0.084800 1.000000
 0.000000 0.090400 1.000000
 0.000000 0.090400 1.000000
 0.000000 0.090400 1.000000
 0.000000 0.096000 1.000000
 0.000000 0.096000 1.000000
 0.000000 0.096000 1.000000
 0.000000 0.096000 1.000000
 0.000000 0.101600 1.000000
 0.000000 0.101600 1.000000
 0.000000 0.101600 1.000000
 0.000000 0.101600 1.000000
 0.000000 0.107200 1.000000
 0.000000 0.107200 1.000000
 0.000000 0.107200 1.000000
 0.000000 0.112800 1.000000
 0.000000 0.112800 1.000000
 0.000000 0.112800 1.000000
 0.000000 0.112800 1.000000
 0.000000 0.118400 1.000000
 0.000000 0.118400 1.000000
 0.000000 0.118400 1.000000
 0.000000 0.118400 1.000000
 0.000000 0.124000 1.000000
 0.000000 0.124000 1.000000
 0.000000 0.124000 1.000000
 0.000000 0.124000 1.000000
 0.000000 0.129600 1.000000
 0.000000 0.129600 1.000000
 0.000000 0.129600 1.000000
 0.000000 0.135200 1.000000
 0.000000 0.135200 1.000000
 0.000000 0.135200 1.000000
 0.000000 0.135200 1.000000
 0.000000 0.140800 1.000000
 0.000000 0.140800 1.000000
 0.000000 0.140800 1.000000
 0.000000 0.140800 1.000000
 0.000000 0.146400 1.000000
 0.000000 0.146400 1.000000
 0.000000 0.146400 1.000000
 0.000000 0.152000 1.000000
 0.000000 0.152000 1.000000
 0.000000 0.152000 1.000000
 0.000000 0.152000 1.000000
 0.000000 0.157600 1.000000
 0.000000 0.157600 1.000000
 0.000000 0.157600 1.000000
 0.000000 0.157600 1.000000
 0.000000 0.163200 1.000000
 0.000000 0.163200 1.000000
 0.000000 0.163200 1.000000
 0.000000 0.168800 1.000000
 0.000000 0.168800 1.000000
 0.000000 0.168800 1.000000
 0.000000 0.168800 1.000000
 0.000000 0.174400 1.000000
 0.000000 0.174400 1.000000
 0.000000 0.174400 1.000000
 0.000000 0.174400 1.000000
 0.000000 0.180000 1.000000
 0.000000 0.180000 1.000000
 0.000000 0.180000 1.000000
 0.000000 0.185600 1.000000
 0.000000 0.185600 1.000000
 0.000000 0.185600 1.000000
 0.000000 0.185600 1.000000
 0.000000 0.191200 1.000000
 0.000000 0.191200 1.000000
 0.000000 0.191200 1.000000
 0.000000 0.191200 1.000000
 0.000000 0.196800 1.000000
 0.000000 0.196800 1.000000
 0.000000 0.196800 1.000000
 0.000000 0.196800 1.000000
 0.000000 0.203600 1.000000
 0.000000 0.203600 1.000000
 0.000000 0.203600 1.000000
 0.000000 0.212000 1.000000
 0.000000 0.212000 1.000000
 0.000000 0.212000 1.000000
 0.000000 0.212000 1.000000
 0.000000 0.220400 1.000000
 0.000000 0.220400 1.000000
 0.000000 0.220400 1.000000
 0.000000 0.220400 1.000000
 0.000000 0.228799 1.000000
 0.000000 0.228799 1.000000
 0.000000 0.228799 1.000000
 0.000000 0.237199 1.000000
 0.000000 0.237199 1.000000
 0.000000 0.237199 1.000000
 0.000000 0.237199 1.000000
 0.000000 0.245599 1.000000
 0.000000 0.245599 1.000000
 0.000000 0.245599 1.000000
 0.000000 0.245599 1.000000
 0.000000 0.253999 1.000000
 0.000000 0.253999 1.000000
 0.000000 0.253999 1.000000
 0.000000 0.262399 1.000000
 0.000000 0.262399 1.000000
 0.000000 0.262399 1.000000
 0.000000 0.262399 1.000000
 0.000000 0.270799 1.000000
 0.000000 0.270799 1.000000
 0.000000 0.270799 1.000000
 0.000000 0.270799 1.000000
 0.000000 0.279199 1.000000
 0.000000 0.279199 1.000000
 0.000000 0.279199 1.000000
 0.000000 0.279199 1.000000
 0.000000 0.287600 1.000000
 0.000000 0.287600 1.000000
 0.000000 0.287600 1.000000
 0.000000 0.295999 1.000000
 0.000000 0.295999 1.000000
 0.000000 0.295999 1.000000
 0.000000 0.295999 1.000000
 0.000000 0.304399 1.000000
 0.000000 0.304399 1.000000
 0.000000 0.304399 1.000000
 0.000000 0.304399 1.000000
 0.000000 0.312799 1.000000
 0.000000 0.312799 1.000000
 0.000000 0.312799 1.000000
 0.000000 0.321199 1.000000
 0.000000 0.321199 1.000000
 0.000000 0.321199 1.000000
 0.000000 0.321199 1.000000
 0.000000 0.329599 1.000000
 0.000000 0.329599 1.000000
 0.000000 0.329599 1.000000
 0.000000 0.329599 1.000000
 0.000000 0.337999 1.000000
 0.000000 0.337999 1.000000
 0.000000 0.337999 1.000000
 0.000000 0.346399 1.000000
 0.000000 0.346399 1.000000
 0.000000 0.346399 1.000000
 0.000000 0.346399 1.000000
 0.000000 0.354799 1.000000
 0.000000 0.354799 1.000000
 0.000000 0.354799 1.000000
 0.000000 0.354799 1.000000
 0.000000 0.363199 1.000000
 0.000000 0.363199 1.000000
 0.000000 0.363199 1.000000
 0.000000 0.371599 1.000000
 0.000000 0.371599 1.000000
 0.000000 0.371599 1.000000
 0.000000 0.371599 1.000000
 0.000000 0.379999 1.000000
 0.000000 0.379999 1.000000
 0.000000 0.379999 1.000000
 0.000000 0.379999 1.000000
 0.000000 0.388399 1.000000
 0.000000 0.388399 1.000000
 0.000000 0.388399 1.000000
 0.000000 0.388399 1.000000
 0.000000 0.396799 1.000000
 0.000000 0.396799 1.000000
 0.000000 0.396799 1.000000
 0.000000 0.405199 1.000000
 0.000000 0.405199 1.000000
 0.000000 0.405199 1.000000
 0.000000 0.405199 1.000000
 0.000000 0.413599 1.000000
 0.000000 0.413599 1.000000
 0.000000 0.413599 1.000000
 0.000000 0.413599 1.000000
 0.000000 0.421999 1.000000
 0.000000 0.421999 1.000000
 0.000000 0.421999 1.000000
 0.000000 0.430399 1.000000
 0.000000 0.430399 1.000000
 0.000000 0.430399 1.000000
 0.000000 0.430399 1.000000
 0.000000 0.438799 1.000000
 0.000000 0.438799 1.000000
 0.000000 0.438799 1.000000
 0.000000 0.438799 1.000000
 0.000000 0.447199 1.000000
 0.000000 0.447199 1.000000
 0.000000 0.447199 1.000000
 0.000000 0.455599 1.000000
 0.000000 0.455599 1.000000
 0.000000 0.455599 1.000000
 0.000000 0.455599 1.000000
 0.000000 0.463999 1.000000
 0.000000 0.463999 1.000000
 0.000000 0.463999 1.000000
 0.000000 0.463999 1.000000
 0.000000 0.472399 1.000000
 0.000000 0.472399 1.000000
 0.000000 0.472399 1.000000
 0.000000 0.480799 1.000000
 0.000000 0.480799 1.000000
 0.000000 0.480799 1.000000
 0.000000 0.480799 1.000000
 0.000000 0.489199 1.000000
 0.000000 0.489199 1.000000
 0.000000 0.489199 1.000000
 0.000000 0.489199 1.000000
 0.000000 0.497599 1.000000
 0.000000 0.497599 1.000000
 0.000000 0.497599 1.000000
 0.000000 0.497599 1.000000
 0.000000 0.505999 1.000000
 0.000000 0.505999 1.000000
 0.000000 0.505999 1.000000
 0.000000 0.514399 1.000000
 0.000000 0.514399 1.000000
 0.000000 0.514399 1.000000
 0.000000 0.514399 1.000000
 0.000000 0.522799 1.000000
 0.000000 0.522799 1.000000
 0.000000 0.522799 1.000000
 0.000000 0.522799 1.000000
 0.000000 0.531199 1.000000
 0.000000 0.531199 1.000000
 0.000000 0.531199 1.000000
 0.000000 0.539599 1.000000
 0.000000 0.539599 1.000000
 0.000000 0.539599 1.000000
 0.000000 0.539599 1.000000
 0.000000 0.547999 1.000000
 0.000000 0.547999 1.000000
 0.000000 0.547999 1.000000
 0.000000 0.547999 1.000000
 0.000000 0.556399 1.000000
 0.000000 0.556399 1.000000
 0.000000 0.556399 1.000000
 0.000000 0.564799 1.000000
 0.000000 0.564799 1.000000
 0.000000 0.564799 1.000000
 0.000000 0.564799 1.000000
 0.000000 0.573199 1.000000
 0.000000 0.573199 1.000000
 0.000000 0.573199 1.000000
 0.000000 0.573199 1.000000
 0.000000 0.581599 1.000000
 0.000000 0.581599 1.000000
 0.000000 0.581599 1.000000
 0.000000 0.589999 1.000000
 0.000000 0.589999 1.000000
 0.000000 0.589999 1.000000
 0.000000 0.589999 1.000000
 0.000000 0.598399 1.000000
 0.000000 0.598399 1.000000
 0.000000 0.598399 1.000000
 0.000000 0.598399 1.000000
 0.000000 0.606799 1.000000
 0.000000 0.606799 1.000000
 0.000000 0.606799 1.000000
 0.000000 0.606799 1.000000
 0.000000 0.615199 1.000000
 0.000000 0.615199 1.000000
 0.000000 0.615199 1.000000
 0.000000 0.623599 1.000000
 0.000000 0.623599 1.000000
 0.000000 0.623599 1.000000
 0.000000 0.623599 1.000000
 0.000000 0.631999 1.000000
 0.000000 0.631999 1.000000
 0.000000 0.631999 1.000000
 0.000000 0.631999 1.000000
 0.000000 0.640399 1.000000
 0.000000 0.640399 1.000000
 0.000000 0.640399 1.000000
 0.000000 0.648799 1.000000
 0.000000 0.648799 1.000000
 0.000000 0.648799 1.000000
 0.000000 0.648799 1.000000
 0.000000 0.657199 1.000000
 0.000000 0.657199 1.000000
 0.000000 0.657199 1.000000
 0.000000 0.657199 1.000000
 0.000000 0.665599 1.000000
 0.000000 0.665599 1.000000
 0.000000 0.665599 1.000000
 0.000000 0.673999 1.000000
 0.000000 0.673999 1.000000
 0.000000 0.673999 1.000000
 0.000000 0.673999 1.000000
 0.000000 0.682399 1.000000
 0.000000 0.682399 1.000000
 0.000000 0.682399 1.000000
 0.000000 0.682399 1.000000
 0.000000 0.690799 1.000000
 0.000000 0.690799 1.000000
 0.000000 0.690799 1.000000
 0.000000 0.699199 1.000000
 0.000000 0.699199 1.000000
 0.000000 0.699199 1.000000
 0.000000 0.699199 1.000000
 0.000000 0.707599 1.000000
 0.000000 0.707599 1.000000
 0.000000 0.707599 1.000000
 0.000000 0.707599 1.000000
 0.000000 0.715999 1.000000
 0.000000 0.715999 1.000000
 0.000000 0.715999 1.000000
 0.000000 0.715999 1.000000
 0.000000 0.724399 1.000000
 0.000000 0.724399 1.000000
 0.000000 0.724399 1.000000
 0.000000 0.732799 1.000000
 0.000000 0.732799 1.000000
 0.000000 0.732799 1.000000
 0.000000 0.732799 1.000000
 0.000000 0.741199 1.000000
 0.000000 0.741199 1.000000
 0.000000 0.741199 1.000000
 0.000000 0.741199 1.000000
 0.000000 0.749599 1.000000
 0.000000 0.749599 1.000000
 0.000000 0.749599 1.000000
 0.000000 0.757999 1.000000
 0.000000 0.757999 1.000000
 0.000000 0.757999 1.000000
 0.000000 0.757999 1.000000
 0.000000 0.766399 1.000000
 0.000000 0.766399 1.000000
 0.000000 0.766399 1.000000
 0.000000 0.766399 1.000000
 0.000000 0.774799 1.000000
 0.000000 0.774799 1.000000
 0.000000 0.774799 1.000000
 0.000000 0.783199 1.000000
 0.000000 0.783199 1.000000
 0.000000 0.783199 1.000000
 0.000000 0.783199 1.000000
 0.000000 0.791599 1.000000
 0.000000 0.791599 1.000000
 0.000000 0.791599 1.000000
 0.000000 0.791599 1.000000
 0.000000 0.799999 1.000000
 0.000000 0.799999 1.000000
 0.000000 0.799999 1.000000
 0.000000 0.799999 1.000000
 0.000000 0.805600 1.000000
 0.000000 0.805600 1.000000
 0.000000 0.805600 1.000000
 0.000000 0.811199 1.000000
 0.000000 0.811199 1.000000
 0.000000 0.811199 1.000000
 0.000000 0.811199 1.000000
 0.000000 0.816800 1.000000
 0.000000 0.816800 1.000000
 0.000000 0.816800 1.000000
 0.000000 0.816800 1.000000
 0.000000 0.822399 1.000000
 0.000000 0.822399 1.000000
 0.000000 0.822399 1.000000
 0.000000 0.827999 1.000000
 0.000000 0.827999 1.000000
 0.000000 0.827999 1.000000
 0.000000 0.827999 1.000000
 0.000000 0.833600 1.000000
 0.000000 0.833600 1.000000
 0.000000 0.833600 1.000000
 0.000000 0.833600 1.000000
 0.000000 0.839199 1.000000
 0.000000 0.839199 1.000000
 0.000000 0.839199 1.000000
 0.000000 0.844799 1.000000
 0.000000 0.844799 1.000000
 0.000000 0.844799 1.000000
 0.000000 0.844799 1.000000
 0.000000 0.850399 1.000000
 0.000000 0.850399 1.000000
 0.000000 0.850399 1.000000
 0.000000 0.850399 1.000000
 0.000000 0.855999 1.000000
 0.000000 0.855999 1.000000
 0.000000 0.855999 1.000000
 0.000000 0.861600 1.000000
 0.000000 0.861600 1.000000
 0.000000 0.861600 1.000000
 0.000000 0.861600 1.000000
 0.000000 0.867199 1.000000
 0.000000 0.867199 1.000000
 0.000000 0.867199 1.000000
 0.000000 0.867199 1.000000
 0.000000 0.872799 1.000000
 0.000000 0.872799 1.000000
 0.000000 0.872799 1.000000
 0.000000 0.872799 1.000000
 0.000000 0.878399 1.000000
 0.000000 0.878399 1.000000
 0.000000 0.878399 1.000000
 0.000000 0.883999 1.000000
 0.000000 0.883999 1.000000
 0.000000 0.883999 1.000000
 0.000000 0.883999 1.000000
 0.000000 0.889599 1.000000
 0.000000 0.889599 1.000000
 0.000000 0.889599 1.000000
 0.000000 0.889599 1.000000
 0.000000 0.895199 1.000000
 0.000000 0.895199 1.000000
 0.000000 0.895199 1.000000
 0.000000 0.900799 1.000000
 0.000000 0.900799 1.000000
 0.000000 0.900799 1.000000
 0.000000 0.900799 1.000000
 0.000000 0.906399 1.000000
 0.000000 0.906399 1.000000
 0.000000 0.906399 1.000000
 0.000000 0.906399 1.000000
 0.000000 0.911999 1.000000
 0.000000 0.911999 1.000000
 0.000000 0.911999 1.000000
 0.000000 0.917599 1.000000
 0.000000 0.917599 1.000000
 0.000000 0.917599 1.000000
 0.000000 0.917599 1.000000
 0.000000 0.923199 1.000000
 0.000000 0.923199 1.000000
 0.000000 0.923199 1.000000
 0.000000 0.923199 1.000000
 0.000000 0.928799 1.000000
 0.000000 0.928799 1.000000
 0.000000 0.928799 1.000000
 0.000000 0.934399 1.000000
 0.000000 0.934399 1.000000
 0.000000 0.934399 1.000000
 0.000000 0.934399 1.000000
 0.000000 0.939999 1.000000
 0.000000 0.939999 1.000000
 0.000000 0.939999 1.000000
 0.000000 0.939999 1.000000
 0.000000 0.945599 1.000000
 0.000000 0.945599 1.000000
 0.000000 0.945599 1.000000
 0.000000 0.945599 1.000000
 0.000000 0.951199 1.000000
 0.000000 0.951199 1.000000
 0.000000 0.951199 1.000000
 0.000000 0.956799 1.000000
 0.000000 0.956799 1.000000
 0.000000 0.956799 1.000000
 0.000000 0.956799 1.000000
 0.000000 0.962399 1.000000
 0.000000 0.962399 1.000000
 0.000000 0.962399 1.000000
 0.000000 0.962399 1.000000
 0.000000 0.967999 1.000000
 0.000000 0.967999 1.000000
 0.000000 0.967999 1.000000
 0.000000 0.973599 1.000000
 0.000000 0.973599 1.000000
 0.000000 0.973599 1.000000
 0.000000 0.973599 1.000000
 0.000000 0.979199 1.000000
 0.000000 0.979199 1.000000
 0.000000 0.979199 1.000000
 0.000000 0.979199 1.000000
 0.000000 0.984799 1.000000
 0.000000 0.984799 1.000000
 0.000000 0.984799 1.000000
 0.000000 0.990399 1.000000
 0.000000 0.990399 1.000000
 0.000000 0.990399 1.000000
 0.000000 0.990399 1.000000
 0.000000 0.995999 1.000000
 0.000000 0.995999 1.000000
 0.000000 0.995999 1.000000
 0.000000 0.995999 1.000000
 0.000000 1.000000 0.998401
 0.000000 1.000000 0.998401
 0.000000 1.000000 0.998401
 0.000000 1.000000 0.992801
 0.000000 1.000000 0.992801
 0.000000 1.000000 0.992801
 0.000000 1.000000 0.992801
 0.000000 1.000000 0.987201
 0.000000 1.000000 0.987201
 0.000000 1.000000 0.987201
 0.000000 1.000000 0.987201
 0.000000 1.000000 0.981601
 0.000000 1.000000 0.981601
 0.000000 1.000000 0.981601
 0.000000 1.000000 0.981601
 0.000000 1.000000 0.976001
 0.000000 1.000000 0.976001
 0.000000 1.000000 0.976001
 0.000000 1.000000 0.970401
 0.000000 1.000000 0.970401
 0.000000 1.000000 0.970401
 0.000000 1.000000 0.970401
 0.000000 1.000000 0.964801
 0.000000 1.000000 0.964801
 0.000000 1.000000 0.964801
 0.000000 1.000000 0.964801
 0.000000 1.000000 0.959201
 0.000000 1.000000 0.959201
 0.000000 1.000000 0.959201
 0.000000 1.000000 0.953601
 0.000000 1.000000 0.953601
 0.000000 1.000000 0.953601
 0.000000 1.000000 0.953601
 0.000000 1.000000 0.948001
 0.000000 1.000000 0.948001
 0.000000 1.000000 0.948001
 0.000000 1.000000 0.948001
 0.000000 1.000000 0.942401
 0.000000 1.000000 0.942401
 0.000000 1.000000 0.942401
 0.000000 1.000000 0.936801
 0.000000 1.000000 0.936801
 0.000000 1.000000 0.936801
 0.000000 1.000000 0.936801
 0.000000 1.000000 0.931201
 0.000000 1.000000 0.931201
 0.000000 1.000000 0.931201
 0.000000 1.000000 0.931201
 0.000000 1.000000 0.925601
 0.000000 1.000000 0.925601
 0.000000 1.000000 0.925601
 0.000000 1.000000 0.920001
 0.000000 1.000000 0.920001
 0.000000 1.000000 0.920001
 0.000000 1.000000 0.920001
 0.000000 1.000000 0.914401
 0.000000 1.000000 0.914401
 0.000000 1.000000 0.914401
 0.000000 1.000000 0.914401
 0.000000 1.000000 0.908801
 0.000000 1.000000 0.908801
 0.000000 1.000000 0.908801
 0.000000 1.000000 0.908801
 0.000000 1.000000 0.903201
 0.000000 1.000000 0.903201
 0.000000 1.000000 0.903201
 0.000000 1.000000 0.897601
 0.000000 1.000000 0.897601
 0.000000 1.000000 0.897601
 0.000000 1.000000 0.897601
 0.000000 1.000000 0.892001
 0.000000 1.000000 0.892001
 0.000000 1.000000 0.892001
 0.000000 1.000000 0.892001
 0.000000 1.000000 0.886401
 0.000000 1.000000 0.886401
 0.000000 1.000000 0.886401
 0.000000 1.000000 0.880801
 0.000000 1.000000 0.880801
 0.000000 1.000000 0.880801
 0.000000 1.000000 0.880801
 0.000000 1.000000 0.875201
 0.000000 1.000000 0.875201
 0.000000 1.000000 0.875201
 0.000000 1.000000 0.875201
 0.000000 1.000000 0.869601
 0.000000 1.000000 0.869601
 0.000000 1.000000 0.869601
 0.000000 1.000000 0.864001
 0.000000 1.000000 0.864001
 0.000000 1.000000 0.864001
 0.000000 1.000000 0.864001
 0.000000 1.000000 0.858401
 0.000000 1.000000 0.858401
 0.000000 1.000000 0.858401
 0.000000 1.000000 0.858401
 0.000000 1.000000 0.852801
 0.000000 1.000000 0.852801
 0.000000 1.000000 0.852801
 0.000000 1.000000 0.847201
 0.000000 1.000000 0.847201
 0.000000 1.000000 0.847201
 0.000000 1.000000 0.847201
 0.000000 1.000000 0.841601
 0.000000 1.000000 0.841601
 0.000000 1.000000 0.841601
 0.000000 1.000000 0.841601
 0.000000 1.000000 0.836001
 0.000000 1.000000 0.836001
 0.000000 1.000000 0.836001
 0.000000 1.000000 0.836001
 0.000000 1.000000 0.830401
 0.000000 1.000000 0.830401
 0.000000 1.000000 0.830401
 0.000000 1.000000 0.824801
 0.000000 1.000000 0.824801
 0.000000 1.000000 0.824801
 0.000000 1.000000 0.824801
 0.000000 1.000000 0.819201
 0.000000 1.000000 0.819201
 0.000000 1.000000 0.819201
 0.000000 1.000000 0.819201
 0.000000 1.000000 0.813601
 0.000000 1.000000 0.813601
 0.000000 1.000000 0.813601
 0.000000 1.000000 0.808001
 0.000000 1.000000 0.808001
 0.000000 1.000000 0.808001
 0.000000 1.000000 0.808001
 0.000000 1.000000 0.802401
 0.000000 1.000000 0.802401
 0.000000 1.000000 0.802401
 0.000000 1.000000 0.802401
 0.000000 1.000000 0.795201
 0.000000 1.000000 0.795201
 0.000000 1.000000 0.795201
 0.000000 1.000000 0.786801
 0.000000 1.000000 0.786801
 0.000000 1.000000 0.786801
 0.000000 1.000000 0.786801
 0.000000 1.000000 0.778401
 0.000000 1.000000 0.778401
 0.000000 1.000000 0.778401
 0.000000 1.000000 0.778401
 0.000000 1.000000 0.770001
 0.000000 1.000000 0.770001
 0.000000 1.000000 0.770001
 0.000000 1.000000 0.770001
 0.000000 1.000000 0.761601
 0.000000 1.000000 0.761601
 0.000000 1.000000 0.761601
 0.000000 1.000000 0.753201
 0.000000 1.000000 0.753201
 0.000000 1.000000 0.753201
 0.000000 1.000000 0.753201
 0.000000 1.000000 0.744801
 0.000000 1.000000 0.744801
 0.000000 1.000000 0.744801
 0.000000 1.000000 0.744801
 0.000000 1.000000 0.736401
 0.000000 1.000000 0.736401
 0.000000 1.000000 0.736401
 0.000000 1.000000 0.728001
 0.000000 1.000000 0.728001
 0.000000 1.000000 0.728001
 0.000000 1.000000 0.728001
 0.000000 1.000000 0.719601
 0.000000 1.000000 0.719601
 0.000000 1.000000 0.719601
 0.000000 1.000000 0.719601
 0.000000 1.000000 0.711201
 0.000000 1.000000 0.711201
 0.000000 1.000000 0.711201
 0.000000 1.000000 0.702801
 0.000000 1.000000 0.702801
 0.000000 1.000000 0.702801
 0.000000 1.000000 0.702801
 0.000000 1.000000 0.694401
 0.000000 1.000000 0.694401
 0.000000 1.000000 0.694401
 0.000000 1.000000 0.694401
 0.000000 1.000000 0.686001
 0.000000 1.000000 0.686001
 0.000000 1.000000 0.686001
 0.000000 1.000000 0.677601
 0.000000 1.000000 0.677601
 0.000000 1.000000 0.677601
 0.000000 1.000000 0.677601
 0.000000 1.000000 0.669201
 0.000000 1.000000 0.669201
 0.000000 1.000000 0.669201
 0.000000 1.000000 0.669201
 0.000000 1.000000 0.660801
 0.000000 1.000000 0.660801
 0.000000 1.000000 0.660801
 0.000000 1.000000 0.660801
 0.000000 1.000000 0.652401
 0.000000 1.000000 0.652401
 0.000000 1.000000 0.652401
 0.000000 1.000000 0.644001
 0.000000 1.000000 0.644001
 0.000000 1.000000 0.644001
 0.000000 1.000000 0.644001
 0.000000 1.000000 0.635601
 0.000000 1.000000 0.635601
 0.000000 1.000000 0.635601
 0.000000 1.000000 0.635601
 0.000000 1.000000 0.627201
 0.000000 1.000000 0.627201
 0.000000 1.000000 0.627201
 0.000000 1.000000 0.618801
 0.000000 1.000000 0.618801
 0.000000 1.000000 0.618801
 0.000000 1.000000 0.618801
 0.000000 1.000000 0.610401
 0.000000 1.000000 0.610401
 0.000000 1.000000 0.610401
 0.000000 1.000000 0.610401
 0.000000 1.000000 0.602001
 0.000000 1.000000 0.602001
 0.000000 1.000000 0.602001
 0.000000 1.000000 0.593601
 0.000000 1.000000 0.593601
 0.000000 1.000000 0.593601
 0.000000 1.000000 0.593601
 0.000000 1.000000 0.576801
 0.000000 1.000000 0.568401
 0.000000 1.000000 0.568401
 0.000000 1.000000 0.568401
 0.000000 1.000000 0.568401
 0.000000 1.000000 0.560001
 0.000000 1.000000 0.560001
 0.000000 1.000000 0.560001
 0.000000 1.000000 0.560001
 0.000000 1.000000 0.551601
 0.000000 1.000000 0.551601
 0.000000 1.000000 0.551601
 0.000000 1.000000 0.551601
 0.000000 1.000000 0.543201
 0.000000 1.000000 0.543201
 0.000000 1.000000 0.543201
 0.000000 1.000000 0.534801
 0.000000 1.000000 0.534801
 0.000000 1.000000 0.534801
 0.000000 1.000000 0.534801
 0.000000 1.000000 0.526401
 0.000000 1.000000 0.526401
 0.000000 1.000000 0.526401
 0.000000 1.000000 0.526401
 0.000000 1.000000 0.518001
 0.000000 1.000000 0.518001
 0.000000 1.000000 0.518001
 0.000000 1.000000 0.509601
 0.000000 1.000000 0.509601
 0.000000 1.000000 0.509601
 0.000000 1.000000 0.509601
 0.000000 1.000000 0.501201
 0.000000 1.000000 0.501201
 0.000000 1.000000 0.501201
 0.000000 1.000000 0.501201
 0.000000 1.000000 0.492801
 0.000000 1.000000 0.492801
 0.000000 1.000000 0.492801
 0.000000 1.000000 0.484401
 0.000000 1.000000 0.484401
 0.000000 1.000000 0.484401
 0.000000 1.000000 0.484401
 0.000000 1.000000 0.476001
 0.000000 1.000000 0.476001
 0.000000 1.000000 0.476001
 0.000000 1.000000 0.476001
 0.000000 1.000000 0.467601
 0.000000 1.000000 0.467601
 0.000000 1.000000 0.467601
 0.000000 1.000000 0.459201
 0.000000 1.000000 0.459201
 0.000000 1.000000 0.459201
 0.000000 1.000000 0.459201
 0.000000 1.000000 0.450801
 0.000000 1.000000 0.450801
 0.000000 1.000000 0.450801
 0.000000 1.000000 0.450801
 0.000000 1.000000 0.442401
 0.000000 1.000000 0.442401
 0.000000 1.000000 0.442401
 0.000000 1.000000 0.442401
 0.000000 1.000000 0.434001
 0.000000 1.000000 0.434001
 0.000000 1.000000 0.434001
 0.000000 1.000000 0.425601
 0.000000 1.000000 0.425601
 0.000000 1.000000 0.425601
 0.000000 1.000000 0.425601
 0.000000 1.000000 0.417201
 0.000000 1.000000 0.417201
 0.000000 1.000000 0.417201
 0.000000 1.000000 0.417201
 0.000000 1.000000 0.408801
 0.000000 1.000000 0.408801
 0.000000 1.000000 0.408801
 0.000000 1.000000 0.400401
 0.000000 1.000000 0.400401
 0.000000 1.000000 0.400401
 0.000000 1.000000 0.400401
 0.000000 1.000000 0.392001
 0.000000 1.000000 0.392001
 0.000000 1.000000 0.392001
 0.000000 1.000000 0.392001
 0.000000 1.000000 0.383601
 0.000000 1.000000 0.383601
 0.000000 1.000000 0.383601
 0.000000 1.000000 0.375201
 0.000000 1.000000 0.375201
 0.000000 1.000000 0.375201
 0.000000 1.000000 0.375201
 0.000000 1.000000 0.366801
 0.000000 1.000000 0.366801
 0.000000 1.000000 0.366801
 0.000000 1.000000 0.366801
 0.000000 1.000000 0.358401
 0.000000 1.000000 0.358401
 0.000000 1.000000 0.358401
 0.000000 1.000000 0.350001
 0.000000 1.000000 0.350001
 0.000000 1.000000 0.350001
 0.000000 1.000000 0.350001
 0.000000 1.000000 0.341601
 0.000000 1.000000 0.341601
 0.000000 1.000000 0.341601
 0.000000 1.000000 0.341601
 0.000000 1.000000 0.333201
 0.000000 1.000000 0.333201
 0.000000 1.000000 0.333201
 0.000000 1.000000 0.333201
 0.000000 1.000000 0.324801
 0.000000 1.000000 0.324801
 0.000000 1.000000 0.324801
 0.000000 1.000000 0.316401
 0.000000 1.000000 0.316401
 0.000000 1.000000 0.316401
 0.000000 1.000000 0.316401
 0.000000 1.000000 0.308001
 0.000000 1.000000 0.308001
 0.000000 1.000000 0.308001
 0.000000 1.000000 0.308001
 0.000000 1.000000 0.299601
 0.000000 1.000000 0.299601
 0.000000 1.000000 0.299601
 0.000000 1.000000 0.291201
 0.000000 1.000000 0.291201
 0.000000 1.000000 0.291201
 0.000000 1.000000 0.291201
 0.000000 1.000000 0.282801
 0.000000 1.000000 0.282801
 0.000000 1.000000 0.282801
 0.000000 1.000000 0.282801
 0.000000 1.000000 0.274401
 0.000000 1.000000 0.274401
 0.000000 1.000000 0.274401
 0.000000 1.000000 0.266001
 0.000000 1.000000 0.266001
 0.000000 1.000000 0.266001
 0.000000 1.000000 0.266001
 0.000000 1.000000 0.257601
 0.000000 1.000000 0.257601
 0.000000 1.000000 0.257601
 0.000000 1.000000 0.257601
 0.000000 1.000000 0.249201
 0.000000 1.000000 0.249201
 0.000000 1.000000 0.249201
 0.000000 1.000000 0.240801
 0.000000 1.000000 0.240801
 0.000000 1.000000 0.240801
 0.000000 1.000000 0.240801
 0.000000 1.000000 0.232401
 0.000000 1.000000 0.232401
 0.000000 1.000000 0.232401
 0.000000 1.000000 0.232401
 0.000000 1.000000 0.224001
 0.000000 1.000000 0.224001
 0.000000 1.000000 0.224001
 0.000000 1.000000 0.224001
 0.000000 1.000000 0.215601
 0.000000 1.000000 0.215601
 0.000000 1.000000 0.215601
 0.000000 1.000000 0.207201
 0.000000 1.000000 0.207201
 0.000000 1.000000 0.207201
 0.000000 1.000000 0.207201
 0.000000 1.000000 0.199201
 0.000000 1.000000 0.199201
 0.000000 1.000000 0.199201
 0.000000 1.000000 0.199201
 0.000000 1.000000 0.193601
 0.000000 1.000000 0.193601
 0.000000 1.000000 0.193601
 0.000000 1.000000 0.188001
 0.000000 1.000000 0.188001
 0.000000 1.000000 0.188001
 0.000000 1.000000 0.188001
 0.000000 1.000000 0.182401
 0.000000 1.000000 0.182401
 0.000000 1.000000 0.182401
 0.000000 1.000000 0.182401
 0.000000 1.000000 0.176801
 0.000000 1.000000 0.176801
 0.000000 1.000000 0.176801
 0.000000 1.000000 0.171201
 0.000000 1.000000 0.171201
 0.000000 1.000000 0.171201
 0.000000 1.000000 0.171201
 0.000000 1.000000 0.165601
 0.000000 1.000000 0.165601
 0.000000 1.000000 0.165601
 0.000000 1.000000 0.165601
 0.000000 1.000000 0.160001
 0.000000 1.000000 0.160001
 0.000000 1.000000 0.160001
 0.000000 1.000000 0.160001
 0.000000 1.000000 0.154401
 0.000000 1.000000 0.154401
 0.000000 1.000000 0.154401
 0.000000 1.000000 0.148801
 0.000000 1.000000 0.148801
 0.000000 1.000000 0.148801
 0.000000 1.000000 0.148801
 0.000000 1.000000 0.143201
 0.000000 1.000000 0.143201
 0.000000 1.000000 0.143201
 0.000000 1.000000 0.143201
 0.000000 1.000000 0.137601
 0.000000 1.000000 0.137601
 0.000000 1.000000 0.137601
 0.000000 1.000000 0.132001
 0.000000 1.000000 0.132001
 0.000000 1.000000 0.132001
 0.000000 1.000000 0.132001
 0.000000 1.000000 0.126401
 0.000000 1.000000 0.126401
 0.000000 1.000000 0.126401
 0.000000 1.000000 0.126401
 0.000000 1.000000 0.120801
 0.000000 1.000000 0.120801
 0.000000 1.000000 0.120801
 0.000000 1.000000 0.115201
 0.000000 1.000000 0.115201
 0.000000 1.000000 0.115201
 0.000000 1.000000 0.115201
 0.000000 1.000000 0.109601
 0.000000 1.000000 0.109601
 0.000000 1.000000 0.109601
 0.000000 1.000000 0.109601
 0.000000 1.000000 0.104001
 0.000000 1.000000 0.104001
 0.000000 1.000000 0.104001
 0.000000 1.000000 0.098401
 0.000000 1.000000 0.098401
 0.000000 1.000000 0.098401
 0.000000 1.000000 0.098401
 0.000000 1.000000 0.092801
 0.000000 1.000000 0.092801
 0.000000 1.000000 0.092801
 0.000000 1.000000 0.092801
 0.000000 1.000000 0.087201
 0.000000 1.000000 0.087201
 0.000000 1.000000 0.087201
 0.000000 1.000000 0.087201
 0.000000 1.000000 0.081601
 0.000000 1.000000 0.081601
 0.000000 1.000000 0.081601
 0.000000 1.000000 0.076001
 0.000000 1.000000 0.076001
 0.000000 1.000000 0.076001
 0.000000 1.000000 0.076001
 0.000000 1.000000 0.070401
 0.000000 1.000000 0.070401
 0.000000 1.000000 0.070401
 0.000000 1.000000 0.070401
 0.000000 1.000000 0.064801
 0.000000 1.000000 0.064801
 0.000000 1.000000 0.064801
 0.000000 1.000000 0.059201
 0.000000 1.000000 0.059201
 0.000000 1.000000 0.059201
 0.000000 1.000000 0.059201
 0.000000 1.000000 0.053601
 0.000000 1.000000 0.053601
 0.000000 1.000000 0.053601
 0.000000 1.000000 0.053601
 0.000000 1.000000 0.048001
 0.000000 1.000000 0.048001
 0.000000 1.000000 0.048001
 0.000000 1.000000 0.042401
 0.000000 1.000000 0.042401
 0.000000 1.000000 0.042401
 0.000000 1.000000 0.042401
 0.000000 1.000000 0.036801
 0.000000 1.000000 0.036801
 0.000000 1.000000 0.036801
 0.000000 1.000000 0.036801
 0.000000 1.000000 0.031201
 0.000000 1.000000 0.031201
 0.000000 1.000000 0.031201
 0.000000 1.000000 0.025601
 0.000000 1.000000 0.025601
 0.000000 1.000000 0.025601
 0.000000 1.000000 0.025601
 0.000000 1.000000 0.020001
 0.000000 1.000000 0.020001
 0.000000 1.000000 0.020001
 0.000000 1.000000 0.020001
 0.000000 1.000000 0.014401
 0.000000 1.000000 0.014401
 0.000000 1.000000 0.014401
 0.000000 1.000000 0.014401
 0.000000 1.000000 0.008801
 0.000000 1.000000 0.008801
 0.000000 1.000000 0.008801
 0.000000 1.000000 0.003201
 0.000000 1.000000 0.003201
 0.000000 1.000000 0.003201
 0.000000 1.000000 0.003201
 0.002399 1.000000 0.000000
 0.002399 1.000000 0.000000
 0.002399 1.000000 0.000000
 0.002399 1.000000 0.000000
 0.007999 1.000000 0.000000
 0.007999 1.000000 0.000000
 0.007999 1.000000 0.000000
 0.013599 1.000000 0.000000
 0.013599 1.000000 0.000000
 0.013599 1.000000 0.000000
 0.013599 1.000000 0.000000
 0.019199 1.000000 0.000000
 0.019199 1.000000 0.000000
 0.019199 1.000000 0.000000
 0.019199 1.000000 0.000000
 0.024799 1.000000 0.000000
 0.024799 1.000000 0.000000
 0.024799 1.000000 0.000000
 0.030399 1.000000 0.000000
 0.030399 1.000000 0.000000
 0.030399 1.000000 0.000000
 0.030399 1.000000 0.000000
 0.035999 1.000000 0.000000
 0.035999 1.000000 0.000000
 0.035999 1.000000 0.000000
 0.035999 1.000000 0.000000
 0.041599 1.000000 0.000000
 0.041599 1.000000 0.000000
 0.041599 1.000000 0.000000
 0.047199 1.000000 0.000000
 0.047199 1.000000 0.000000
 0.047199 1.000000 0.000000
 0.047199 1.000000 0.000000
 0.052799 1.000000 0.000000
 0.052799 1.000000 0.000000
 0.052799 1.000000 0.000000
 0.052799 1.000000 0.000000
 0.058399 1.000000 0.000000
 0.058399 1.000000 0.000000
 0.058399 1.000000 0.000000
 0.058399 1.000000 0.000000
 0.063999 1.000000 0.000000
 0.063999 1.000000 0.000000
 0.063999 1.000000 0.000000
 0.069599 1.000000 0.000000
 0.069599 1.000000 0.000000
 0.069599 1.000000 0.000000
 0.069599 1.000000 0.000000
 0.075199 1.000000 0.000000
 0.075199 1.000000 0.000000
 0.075199 1.000000 0.000000
 0.075199 1.000000 0.000000
 0.080799 1.000000 0.000000
 0.080799 1.000000 0.000000
 0.080799 1.000000 0.000000
 0.086399 1.000000 0.000000
 0.086399 1.000000 0.000000
 0.086399 1.000000 0.000000
 0.086399 1.000000 0.000000
 0.091999 1.000000 0.000000
 0.091999 1.000000 0.000000
 0.091999 1.000000 0.000000
 0.091999 1.000000 0.000000
 0.097599 1.000000 0.000000
 0.097599 1.000000 0.000000
 0.097599 1.000000 0.000000
 0.103199 1.000000 0.000000
 0.103199 1.000000 0.000000
 0.103199 1.000000 0.000000
 0.103199 1.000000 0.000000
 0.108799 1.000000 0.000000
 0.108799 1.000000 0.000000
 0.108799 1.000000 0.000000
 0.108799 1.000000 0.000000
 0.114399 1.000000 0.000000
 0.114399 1.000000 0.000000
 0.114399 1.000000 0.000000
 0.119999 1.000000 0.000000
 0.119999 1.000000 0.000000
 0.119999 1.000000 0.000000
 0.119999 1.000000 0.000000
 0.125599 1.000000 0.000000
 0.125599 1.000000 0.000000
 0.125599 1.000000 0.000000
 0.125599 1.000000 0.000000
 0.131199 1.000000 0.000000
 0.131199 1.000000 0.000000
 0.131199 1.000000 0.000000
 0.131199 1.000000 0.000000
 0.136799 1.000000 0.000000
 0.136799 1.000000 0.000000
 0.136799 1.000000 0.000000
 0.142399 1.000000 0.000000
 0.142399 1.000000 0.000000
 0.142399 1.000000 0.000000
 0.142399 1.000000 0.000000
 0.147999 1.000000 0.000000
 0.147999 1.000000 0.000000
 0.147999 1.000000 0.000000
 0.147999 1.000000 0.000000
 0.153599 1.000000 0.000000
 0.153599 1.000000 0.000000
 0.153599 1.000000 0.000000
 0.159199 1.000000 0.000000
 0.159199 1.000000 0.000000
 0.159199 1.000000 0.000000
 0.159199 1.000000 0.000000
 0.164799 1.000000 0.000000
 0.164799 1.000000 0.000000
 0.164799 1.000000 0.000000
 0.164799 1.000000 0.000000
 0.170399 1.000000 0.000000
 0.170399 1.000000 0.000000
 0.170399 1.000000 0.000000
 0.175999 1.000000 0.000000
 0.175999 1.000000 0.000000
 0.175999 1.000000 0.000000
 0.175999 1.000000 0.000000
 0.181599 1.000000 0.000000
 0.181599 1.000000 0.000000
 0.181599 1.000000 0.000000
 0.181599 1.000000 0.000000
 0.187199 1.000000 0.000000
 0.187199 1.000000 0.000000
 0.187199 1.000000 0.000000
 0.192799 1.000000 0.000000
 0.192799 1.000000 0.000000
 0.192799 1.000000 0.000000
 0.192799 1.000000 0.000000
 0.198399 1.000000 0.000000
 0.198399 1.000000 0.000000
 0.198399 1.000000 0.000000
 0.198399 1.000000 0.000000
 0.205999 1.000000 0.000000
 0.205999 1.000000 0.000000
 0.205999 1.000000 0.000000
 0.205999 1.000000 0.000000
 0.214399 1.000000 0.000000
 0.214399 1.000000 0.000000
 0.214399 1.000000 0.000000
 0.222799 1.000000 0.000000
 0.222799 1.000000 0.000000
 0.222799 1.000000 0.000000
 0.222799 1.000000 0.000000
 0.231199 1.000000 0.000000
 0.231199 1.000000 0.000000
 0.231199 1.000000 0.000000
 0.231199 1.000000 0.000000
 0.239599 1.000000 0.000000
 0.239599 1.000000 0.000000
 0.239599 1.000000 0.000000
 0.247999 1.000000 0.000000
 0.247999 1.000000 0.000000
 0.247999 1.000000 0.000000
 0.247999 1.000000 0.000000
 0.256399 1.000000 0.000000
 0.256399 1.000000 0.000000
 0.256399 1.000000 0.000000
 0.256399 1.000000 0.000000
 0.264799 1.000000 0.000000
 0.264799 1.000000 0.000000
 0.264799 1.000000 0.000000
 0.273198 1.000000 0.000000
 0.273198 1.000000 0.000000
 0.273198 1.000000 0.000000
 0.273198 1.000000 0.000000
 0.281599 1.000000 0.000000
 0.281599 1.000000 0.000000
 0.281599 1.000000 0.000000
 0.281599 1.000000 0.000000
 0.289999 1.000000 0.000000
 0.289999 1.000000 0.000000
 0.289999 1.000000 0.000000
 0.289999 1.000000 0.000000
 0.298398 1.000000 0.000000
 0.298398 1.000000 0.000000
 0.298398 1.000000 0.000000
 0.306799 1.000000 0.000000
 0.306799 1.000000 0.000000
 0.306799 1.000000 0.000000
 0.306799 1.000000 0.000000
 0.315199 1.000000 0.000000
 0.315199 1.000000 0.000000
 0.315199 1.000000 0.000000
 0.315199 1.000000 0.000000
 0.323598 1.000000 0.000000
 0.323598 1.000000 0.000000
 0.323598 1.000000 0.000000
 0.331998 1.000000 0.000000
 0.331998 1.000000 0.000000
 0.331998 1.000000 0.000000
 0.331998 1.000000 0.000000
 0.340398 1.000000 0.000000
 0.340398 1.000000 0.000000
 0.340398 1.000000 0.000000
 0.340398 1.000000 0.000000
 0.348798 1.000000 0.000000
 0.348798 1.000000 0.000000
 0.348798 1.000000 0.000000
 0.357198 1.000000 0.000000
 0.357198 1.000000 0.000000
 0.357198 1.000000 0.000000
 0.357198 1.000000 0.000000
 0.365598 1.000000 0.000000
 0.365598 1.000000 0.000000
 0.365598 1.000000 0.000000
 0.365598 1.000000 0.000000
 0.373998 1.000000 0.000000
 0.373998 1.000000 0.000000
 0.373998 1.000000 0.000000
 0.382398 1.000000 0.000000
 0.382398 1.000000 0.000000
 0.382398 1.000000 0.000000
 0.382398 1.000000 0.000000
 0.390798 1.000000 0.000000
 0.390798 1.000000 0.000000
 0.390798 1.000000 0.000000
 0.390798 1.000000 0.000000
 0.399198 1.000000 0.000000
 0.399198 1.000000 0.000000
 0.399198 1.000000 0.000000
 0.399198 1.000000 0.000000
 0.407598 1.000000 0.000000
 0.407598 1.000000 0.000000
 0.407598 1.000000 0.000000
 0.415998 1.000000 0.000000
 0.415998 1.000000 0.000000
 0.415998 1.000000 0.000000
 0.415998 1.000000 0.000000
 0.424398 1.000000 0.000000
 0.424398 1.000000 0.000000
 0.424398 1.000000 0.000000
 0.424398 1.000000 0.000000
 0.432798 1.000000 0.000000
 0.432798 1.000000 0.000000
 0.432798 1.000000 0.000000
 0.441198 1.000000 0.000000
 0.441198 1.000000 0.000000
 0.441198 1.000000 0.000000
 0.441198 1.000000 0.000000
 0.449598 1.000000 0.000000
 0.449598 1.000000 0.000000
 0.449598 1.000000 0.000000
 0.449598 1.000000 0.000000
 0.457998 1.000000 0.000000
 0.457998 1.000000 0.000000
 0.457998 1.000000 0.000000
 0.466398 1.000000 0.000000
 0.466398 1.000000 0.000000
 0.466398 1.000000 0.000000
 0.466398 1.000000 0.000000
 0.474798 1.000000 0.000000
 0.474798 1.000000 0.000000
 0.474798 1.000000 0.000000
 0.474798 1.000000 0.000000
 0.483198 1.000000 0.000000
 0.483198 1.000000 0.000000
 0.483198 1.000000 0.000000
 0.491598 1.000000 0.000000
 0.491598 1.000000 0.000000
 0.491598 1.000000 0.000000
 0.491598 1.000000 0.000000
 0.499998 1.000000 0.000000
 0.499998 1.000000 0.000000
 0.499998 1.000000 0.000000
 0.499998 1.000000 0.000000
 0.508398 1.000000 0.000000
 0.508398 1.000000 0.000000
 0.508398 1.000000 0.000000
 0.508398 1.000000 0.000000
 0.516798 1.000000 0.000000
 0.516798 1.000000 0.000000
 0.516798 1.000000 0.000000
 0.525198 1.000000 0.000000
 0.525198 1.000000 0.000000
 0.525198 1.000000 0.000000
 0.525198 1.000000 0.000000
 0.533598 1.000000 0.000000
 0.533598 1.000000 0.000000
 0.533598 1.000000 0.000000
 0.533598 1.000000 0.000000
 0.541998 1.000000 0.000000
 0.541998 1.000000 0.000000
 0.541998 1.000000 0.000000
 0.550398 1.000000 0.000000
 0.550398 1.000000 0.000000
 0.550398 1.000000 0.000000
 0.550398 1.000000 0.000000
 0.558798 1.000000 0.000000
 0.558798 1.000000 0.000000
 0.558798 1.000000 0.000000
 0.558798 1.000000 0.000000
 0.567198 1.000000 0.000000
 0.567198 1.000000 0.000000
 0.567198 1.000000 0.000000
 0.575598 1.000000 0.000000
 0.575598 1.000000 0.000000
 0.575598 1.000000 0.000000
 0.575598 1.000000 0.000000
 0.583998 1.000000 0.000000
 0.583998 1.000000 0.000000
 0.583998 1.000000 0.000000
 0.583998 1.000000 0.000000
 0.592398 1.000000 0.000000
 0.592398 1.000000 0.000000
 0.592398 1.000000 0.000000
 0.600798 1.000000 0.000000
 0.600798 1.000000 0.000000
 0.600798 1.000000 0.000000
 0.600798 1.000000 0.000000
 0.609198 1.000000 0.000000
 0.609198 1.000000 0.000000
 0.609198 1.000000 0.000000
 0.609198 1.000000 0.000000
 0.617598 1.000000 0.000000
 0.617598 1.000000 0.000000
 0.617598 1.000000 0.000000
 0.617598 1.000000 0.000000
 0.625998 1.000000 0.000000
 0.625998 1.000000 0.000000
 0.625998 1.000000 0.000000
 0.634398 1.000000 0.000000
 0.634398 1.000000 0.000000
 0.634398 1.000000 0.000000
 0.634398 1.000000 0.000000
 0.642798 1.000000 0.000000
 0.642798 1.000000 0.000000
 0.642798 1.000000 0.000000
 0.642798 1.000000 0.000000
 0.651198 1.000000 0.000000
 0.651198 1.000000 0.000000
 0.651198 1.000000 0.000000
 0.659598 1.000000 0.000000
 0.659598 1.000000 0.000000
 0.659598 1.000000 0.000000
 0.659598 1.000000 0.000000
 0.667998 1.000000 0.000000
 0.667998 1.000000 0.000000
 0.667998 1.000000 0.000000
 0.667998 1.000000 0.000000
 0.676398 1.000000 0.000000
 0.676398 1.000000 0.000000
 0.676398 1.000000 0.000000
 0.684798 1.000000 0.000000
 0.684798 1.000000 0.000000
 0.684798 1.000000 0.000000
 0.684798 1.000000 0.000000
 0.693198 1.000000 0.000000
 0.693198 1.000000 0.000000
 0.693198 1.000000 0.000000
 0.693198 1.000000 0.000000
 0.701598 1.000000 0.000000
 0.701598 1.000000 0.000000
 0.701598 1.000000 0.000000
 0.709998 1.000000 0.000000
 0.709998 1.000000 0.000000
 0.709998 1.000000 0.000000
 0.709998 1.000000 0.000000
 0.718398 1.000000 0.000000
 0.718398 1.000000 0.000000
 0.718398 1.000000 0.000000
 0.718398 1.000000 0.000000
 0.726798 1.000000 0.000000
 0.726798 1.000000 0.000000
 0.726798 1.000000 0.000000
 0.726798 1.000000 0.000000
 0.735198 1.000000 0.000000
 0.735198 1.000000 0.000000
 0.735198 1.000000 0.000000
 0.743598 1.000000 0.000000
 0.743598 1.000000 0.000000
 0.743598 1.000000 0.000000
 0.743598 1.000000 0.000000
 0.751998 1.000000 0.000000
 0.751998 1.000000 0.000000
 0.751998 1.000000 0.000000
 0.751998 1.000000 0.000000
 0.760398 1.000000 0.000000
 0.760398 1.000000 0.000000
 0.760398 1.000000 0.000000
 0.768798 1.000000 0.000000
 0.768798 1.000000 0.000000
 0.768798 1.000000 0.000000
 0.768798 1.000000 0.000000
 0.777198 1.000000 0.000000
 0.777198 1.000000 0.000000
 0.777198 1.000000 0.000000
 0.777198 1.000000 0.000000
 0.785598 1.000000 0.000000
 0.785598 1.000000 0.000000
 0.785598 1.000000 0.000000
 0.793998 1.000000 0.000000
 0.793998 1.000000 0.000000
 0.793998 1.000000 0.000000
 0.793998 1.000000 0.000000
 0.801599 1.000000 0.000000
 0.801599 1.000000 0.000000
 0.801599 1.000000 0.000000
 0.801599 1.000000 0.000000
 0.807199 1.000000 0.000000
 0.807199 1.000000 0.000000
 0.807199 1.000000 0.000000
 0.807199 1.000000 0.000000
 0.812799 1.000000 0.000000
 0.812799 1.000000 0.000000
 0.812799 1.000000 0.000000
 0.818399 1.000000 0.000000
 0.818399 1.000000 0.000000
 0.818399 1.000000 0.000000
 0.818399 1.000000 0.000000
 0.823999 1.000000 0.000000
 0.823999 1.000000 0.000000
 0.823999 1.000000 0.000000
 0.823999 1.000000 0.000000
 0.829599 1.000000 0.000000
 0.829599 1.000000 0.000000
 0.829599 1.000000 0.000000
 0.835199 1.000000 0.000000
 0.835199 1.000000 0.000000
 0.835199 1.000000 0.000000
 0.835199 1.000000 0.000000
 0.840799 1.000000 0.000000
 0.840799 1.000000 0.000000
 0.840799 1.000000 0.000000
 0.840799 1.000000 0.000000
 0.846399 1.000000 0.000000
 0.846399 1.000000 0.000000
 0.846399 1.000000 0.000000
 0.851999 1.000000 0.000000
 0.851999 1.000000 0.000000
 0.851999 1.000000 0.000000
 0.851999 1.000000 0.000000
 0.857599 1.000000 0.000000
 0.857599 1.000000 0.000000
 0.857599 1.000000 0.000000
 0.857599 1.000000 0.000000
 0.863199 1.000000 0.000000
 0.863199 1.000000 0.000000
 0.863199 1.000000 0.000000
 0.868799 1.000000 0.000000
 0.868799 1.000000 0.000000
 0.868799 1.000000 0.000000
 0.868799 1.000000 0.000000
 0.874399 1.000000 0.000000
 0.874399 1.000000 0.000000
 0.874399 1.000000 0.000000
 0.874399 1.000000 0.000000
 0.879999 1.000000 0.000000
 0.879999 1.000000 0.000000
 0.879999 1.000000 0.000000
 0.879999 1.000000 0.000000
 0.885599 1.000000 0.000000
 0.885599 1.000000 0.000000
 0.885599 1.000000 0.000000
 0.891199 1.000000 0.000000
 0.891199 1.000000 0.000000
 0.891199 1.000000 0.000000
 0.891199 1.000000 0.000000
 0.896799 1.000000 0.000000
 0.896799 1.000000 0.000000
 0.896799 1.000000 0.000000
 0.896799 1.000000 0.000000
 0.902399 1.000000 0.000000
 0.902399 1.000000 0.000000
 0.902399 1.000000 0.000000
 0.907999 1.000000 0.000000
 0.907999 1.000000 0.000000
 0.907999 1.000000 0.000000
 0.907999 1.000000 0.000000
 0.913599 1.000000 0.000000
 0.913599 1.000000 0.000000
 0.913599 1.000000 0.000000
 0.913599 1.000000 0.000000
 0.919199 1.000000 0.000000
 0.919199 1.000000 0.000000
 0.919199 1.000000 0.000000
 0.924799 1.000000 0.000000
 0.924799 1.000000 0.000000
 0.924799 1.000000 0.000000
 0.924799 1.000000 0.000000
 0.930399 1.000000 0.000000
 0.930399 1.000000 0.000000
 0.930399 1.000000 0.000000
 0.930399 1.000000 0.000000
 0.935999 1.000000 0.000000
 0.935999 1.000000 0.000000
 0.935999 1.000000 0.000000
 0.941599 1.000000 0.000000
 0.941599 1.000000 0.000000
 0.941599 1.000000 0.000000
 0.941599 1.000000 0.000000
 0.947199 1.000000 0.000000
 0.947199 1.000000 0.000000
 0.947199 1.000000 0.000000
 0.947199 1.000000 0.000000
 0.952799 1.000000 0.000000
 0.952799 1.000000 0.000000
 0.952799 1.000000 0.000000
 0.952799 1.000000 0.000000
 0.958399 1.000000 0.000000
 0.958399 1.000000 0.000000
 0.958399 1.000000 0.000000
 0.963999 1.000000 0.000000
 0.963999 1.000000 0.000000
 0.963999 1.000000 0.000000
 0.963999 1.000000 0.000000
 0.969599 1.000000 0.000000
 0.969599 1.000000 0.000000
 0.969599 1.000000 0.000000
 0.969599 1.000000 0.000000
 0.975199 1.000000 0.000000
 0.975199 1.000000 0.000000
 0.975199 1.000000 0.000000
 0.980799 1.000000 0.000000
 0.980799 1.000000 0.000000
 0.980799 1.000000 0.000000
 0.980799 1.000000 0.000000
 0.986399 1.000000 0.000000
 0.986399 1.000000 0.000000
 0.986399 1.000000 0.000000
 0.986399 1.000000 0.000000
 0.991999 1.000000 0.000000
 0.991999 1.000000 0.000000
 0.991999 1.000000 0.000000
 0.997599 1.000000 0.000000
 0.997599 1.000000 0.000000
 0.997599 1.000000 0.000000
 0.997599 1.000000 0.000000
 1.000000 0.998401 0.000000
 1.000000 0.998401 0.000000
 1.000000 0.998401 0.000000
 1.000000 0.998401 0.000000
 1.000000 0.995601 0.000000
 1.000000 0.995601 0.000000
 1.000000 0.995601 0.000000
 1.000000 0.992801 0.000000
 1.000000 0.992801 0.000000
 1.000000 0.992801 0.000000
 1.000000 0.992801 0.000000
 1.000000 0.990001 0.000000
 1.000000 0.990001 0.000000
 1.000000 0.990001 0.000000
 1.000000 0.990001 0.000000
 1.000000 0.987201 0.000000
 1.000000 0.987201 0.000000
 1.000000 0.987201 0.000000
 1.000000 0.987201 0.000000
 1.000000 0.984401 0.000000
 1.000000 0.984401 0.000000
 1.000000 0.984401 0.000000
 1.000000 0.981601 0.000000
 1.000000 0.981601 0.000000
 1.000000 0.981601 0.000000
 1.000000 0.981601 0.000000
 1.000000 0.978801 0.000000
 1.000000 0.978801 0.000000
 1.000000 0.978801 0.000000
 1.000000 0.978801 0.000000
 1.000000 0.976001 0.000000
 1.000000 0.976001 0.000000
 1.000000 0.976001 0.000000
 1.000000 0.973201 0.000000
 1.000000 0.973201 0.000000
 1.000000 0.973201 0.000000
 1.000000 0.973201 0.000000
 1.000000 0.970401 0.000000
 1.000000 0.970401 0.000000
 1.000000 0.970401 0.000000
 1.000000 0.970401 0.000000
 1.000000 0.967601 0.000000
 1.000000 0.967601 0.000000
 1.000000 0.967601 0.000000
 1.000000 0.964801 0.000000
 1.000000 0.964801 0.000000
 1.000000 0.964801 0.000000
 1.000000 0.964801 0.000000
 1.000000 0.962001 0.000000
 1.000000 0.962001 0.000000
 1.000000 0.962001 0.000000
 1.000000 0.962001 0.000000
 1.000000 0.959201 0.000000
 1.000000 0.959201 0.000000
 1.000000 0.959201 0.000000
 1.000000 0.956401 0.000000
 1.000000 0.956401 0.000000
 1.000000 0.956401 0.000000
 1.000000 0.956401 0.000000
 1.000000 0.953601 0.000000
 1.000000 0.953601 0.000000
 1.000000 0.953601 0.000000
 1.000000 0.953601 0.000000
 1.000000 0.950801 0.000000
 1.000000 0.950801 0.000000
 1.000000 0.950801 0.000000
 1.000000 0.950801 0.000000
 1.000000 0.948001 0.000000
 1.000000 0.948001 0.000000
 1.000000 0.948001 0.000000
 1.000000 0.945201 0.000000
 1.000000 0.945201 0.000000
 1.000000 0.945201 0.000000
 1.000000 0.945201 0.000000
 1.000000 0.942401 0.000000
 1.000000 0.942401 0.000000
 1.000000 0.942401 0.000000
 1.000000 0.942401 0.000000
 1.000000 0.939601 0.000000
 1.000000 0.939601 0.000000
 1.000000 0.939601 0.000000
 1.000000 0.936801 0.000000
 1.000000 0.936801 0.000000
 1.000000 0.936801 0.000000
 1.000000 0.936801 0.000000
 1.000000 0.934001 0.000000
 1.000000 0.934001 0.000000
 1.000000 0.934001 0.000000
 1.000000 0.934001 0.000000
 1.000000 0.931201 0.000000
 1.000000 0.931201 0.000000
 1.000000 0.931201 0.000000
 1.000000 0.928401 0.000000
 1.000000 0.928401 0.000000
 1.000000 0.928401 0.000000
 1.000000 0.928401 0.000000
 1.000000 0.925601 0.000000
 1.000000 0.925601 0.000000
 1.000000 0.925601 0.000000
 1.000000 0.925601 0.000000
 1.000000 0.922801 0.000000
 1.000000 0.922801 0.000000
 1.000000 0.922801 0.000000
 1.000000 0.920001 0.000000
 1.000000 0.920001 0.000000
 1.000000 0.920001 0.000000
 1.000000 0.920001 0.000000
 1.000000 0.917201 0.000000
 1.000000 0.917201 0.000000
 1.000000 0.917201 0.000000
 1.000000 0.917201 0.000000
 1.000000 0.914401 0.000000
 1.000000 0.914401 0.000000
 1.000000 0.914401 0.000000
 1.000000 0.914401 0.000000
 1.000000 0.911601 0.000000
 1.000000 0.911601 0.000000
 1.000000 0.911601 0.000000
 1.000000 0.908801 0.000000
 1.000000 0.908801 0.000000
 1.000000 0.908801 0.000000
 1.000000 0.908801 0.000000
 1.000000 0.906001 0.000000
 1.000000 0.906001 0.000000
 1.000000 0.906001 0.000000
 1.000000 0.906001 0.000000
 1.000000 0.903201 0.000000
 1.000000 0.903201 0.000000
 1.000000 0.903201 0.000000
 1.000000 0.900401 0.000000
 1.000000 0.900401 0.000000
 1.000000 0.900401 0.000000
 1.000000 0.900401 0.000000
 1.000000 0.896401 0.000000
 1.000000 0.896401 0.000000
 1.000000 0.896401 0.000000
 1.000000 0.896401 0.000000
 1.000000 0.892201 0.000000
 1.000000 0.892201 0.000000
 1.000000 0.892201 0.000000
 1.000000 0.888001 0.000000
 1.000000 0.888001 0.000000
 1.000000 0.888001 0.000000
 1.000000 0.888001 0.000000
 1.000000 0.883801 0.000000
 1.000000 0.883801 0.000000
 1.000000 0.883801 0.000000
 1.000000 0.883801 0.000000
 1.000000 0.879601 0.000000
 1.000000 0.879601 0.000000
 1.000000 0.879601 0.000000
 1.000000 0.879601 0.000000
 1.000000 0.875401 0.000000
 1.000000 0.875401 0.000000
 1.000000 0.875401 0.000000
 1.000000 0.871201 0.000000
 1.000000 0.871201 0.000000
 1.000000 0.871201 0.000000
 1.000000 0.871201 0.000000
 1.000000 0.867001 0.000000
 1.000000 0.867001 0.000000
 1.000000 0.867001 0.000000
 1.000000 0.867001 0.000000
 1.000000 0.862801 0.000000
 1.000000 0.862801 0.000000
 1.000000 0.862801 0.000000
 1.000000 0.858601 0.000000
 1.000000 0.858601 0.000000
 1.000000 0.858601 0.000000
 1.000000 0.858601 0.000000
 1.000000 0.854401 0.000000
 1.000000 0.854401 0.000000
 1.000000 0.854401 0.000000
 1.000000 0.854401 0.000000
 1.000000 0.850201 0.000000
 1.000000 0.850201 0.000000
 1.000000 0.850201 0.000000
 1.000000 0.846001 0.000000
 1.000000 0.846001 0.000000
 1.000000 0.846001 0.000000
 1.000000 0.846001 0.000000
 1.000000 0.841801 0.000000
 1.000000 0.841801 0.000000
 1.000000 0.841801 0.000000
 1.000000 0.841801 0.000000
 1.000000 0.837601 0.000000
 1.000000 0.837601 0.000000
 1.000000 0.837601 0.000000
 1.000000 0.833401 0.000000
 1.000000 0.833401 0.000000
 1.000000 0.833401 0.000000
 1.000000 0.833401 0.000000
 1.000000 0.829201 0.000000
 1.000000 0.829201 0.000000
 1.000000 0.829201 0.000000
 1.000000 0.829201 0.000000
 1.000000 0.825001 0.000000
 1.000000 0.825001 0.000000
 1.000000 0.825001 0.000000
 1.000000 0.825001 0.000000
 1.000000 0.820801 0.000000
 1.000000 0.820801 0.000000
 1.000000 0.820801 0.000000
 1.000000 0.816601 0.000000
 1.000000 0.816601 0.000000
 1.000000 0.816601 0.000000
 1.000000 0.816601 0.000000
 1.000000 0.812401 0.000000
 1.000000 0.812401 0.000000
 1.000000 0.812401 0.000000
 1.000000 0.812401 0.000000
 1.000000 0.808201 0.000000
 1.000000 0.808201 0.000000
 1.000000 0.808201 0.000000
 1.000000 0.804001 0.000000
 1.000000 0.804001 0.000000
 1.000000 0.804001 0.000000
 1.000000 0.804001 0.000000
 1.000000 0.799801 0.000000
 1.000000 0.799801 0.000000
 1.000000 0.799801 0.000000
 1.000000 0.799801 0.000000
 1.000000 0.795601 0.000000
 1.000000 0.795601 0.000000
 1.000000 0.795601 0.000000
 1.000000 0.791401 0.000000
 1.000000 0.791401 0.000000
 1.000000 0.791401 0.000000
 1.000000 0.791401 0.000000
 1.000000 0.787201 0.000000
 1.000000 0.787201 0.000000
 1.000000 0.787201 0.000000
 1.000000 0.787201 0.000000
 1.000000 0.783001 0.000000
 1.000000 0.783001 0.000000
 1.000000 0.783001 0.000000
 1.000000 0.778801 0.000000
 1.000000 0.778801 0.000000
 1.000000 0.778801 0.000000
 1.000000 0.778801 0.000000
 1.000000 0.774601 0.000000
 1.000000 0.774601 0.000000
 1.000000 0.774601 0.000000
 1.000000 0.774601 0.000000
 1.000000 0.770401 0.000000
 1.000000 0.770401 0.000000
 1.000000 0.770401 0.000000
 1.000000 0.770401 0.000000
 1.000000 0.766201 0.000000
 1.000000 0.766201 0.000000
 1.000000 0.766201 0.000000
 1.000000 0.762001 0.000000
 1.000000 0.762001 0.000000
 1.000000 0.762001 0.000000
 1.000000 0.762001 0.000000
 1.000000 0.757801 0.000000
 1.000000 0.757801 0.000000
 1.000000 0.757801 0.000000
 1.000000 0.757801 0.000000
 1.000000 0.753601 0.000000
 1.000000 0.753601 0.000000
 1.000000 0.753601 0.000000
 1.000000 0.749401 0.000000
 1.000000 0.749401 0.000000
 1.000000 0.749401 0.000000
 1.000000 0.749401 0.000000
 1.000000 0.745201 0.000000
 1.000000 0.745201 0.000000
 1.000000 0.745201 0.000000
 1.000000 0.745201 0.000000
 1.000000 0.741001 0.000000
 1.000000 0.741001 0.000000
 1.000000 0.741001 0.000000
 1.000000 0.736801 0.000000
 1.000000 0.736801 0.000000
 1.000000 0.736801 0.000000
 1.000000 0.736801 0.000000
 1.000000 0.732601 0.000000
 1.000000 0.732601 0.000000
 1.000000 0.732601 0.000000
 1.000000 0.732601 0.000000
 1.000000 0.728401 0.000000
 1.000000 0.728401 0.000000
 1.000000 0.728401 0.000000
 1.000000 0.724201 0.000000
 1.000000 0.724201 0.000000
 1.000000 0.724201 0.000000
 1.000000 0.724201 0.000000
 1.000000 0.720001 0.000000
 1.000000 0.720001 0.000000
 1.000000 0.720001 0.000000
 1.000000 0.720001 0.000000
 1.000000 0.715801 0.000000
 1.000000 0.715801 0.000000
 1.000000 0.715801 0.000000
 1.000000 0.715801 0.000000
 1.000000 0.711601 0.000000
 1.000000 0.711601 0.000000
 1.000000 0.711601 0.000000
 1.000000 0.707401 0.000000
 1.000000 0.707401 0.000000
 1.000000 0.707401 0.000000
 1.000000 0.707401 0.000000
 1.000000 0.703201 0.000000
 1.000000 0.703201 0.000000
 1.000000 0.703201 0.000000
 1.000000 0.703201 0.000000
 1.000000 0.699001 0.000000
 1.000000 0.699001 0.000000
 1.000000 0.699001 0.000000
 1.000000 0.694801 0.000000
 1.000000 0.694801 0.000000
 1.000000 0.694801 0.000000
 1.000000 0.694801 0.000000
 1.000000 0.690601 0.000000
 1.000000 0.690601 0.000000
 1.000000 0.690601 0.000000
 1.000000 0.690601 0.000000
 1.000000 0.686401 0.000000
 1.000000 0.686401 0.000000
 1.000000 0.686401 0.000000
 1.000000 0.682201 0.000000
 1.000000 0.682201 0.000000
 1.000000 0.682201 0.000000
 1.000000 0.682201 0.000000
 1.000000 0.678001 0.000000
 1.000000 0.678001 0.000000
 1.000000 0.678001 0.000000
 1.000000 0.678001 0.000000
 1.000000 0.673801 0.000000
 1.000000 0.673801 0.000000
 1.000000 0.673801 0.000000
 1.000000 0.669601 0.000000
 1.000000 0.669601 0.000000
 1.000000 0.669601 0.000000
 1.000000 0.669601 0.000000
 1.000000 0.665401 0.000000
 1.000000 0.665401 0.000000
 1.000000 0.665401 0.000000
 1.000000 0.665401 0.000000
 1.000000 0.661201 0.000000
 1.000000 0.661201 0.000000
 1.000000 0.661201 0.000000
 1.000000 0.661201 0.000000
 1.000000 0.657001 0.000000
 1.000000 0.657001 0.000000
 1.000000 0.657001 0.000000
 1.000000 0.652801 0.000000
 1.000000 0.652801 0.000000
 1.000000 0.652801 0.000000
 1.000000 0.652801 0.000000
 1.000000 0.648601 0.000000
 1.000000 0.648601 0.000000
 1.000000 0.648601 0.000000
 1.000000 0.648601 0.000000
 1.000000 0.644401 0.000000
 1.000000 0.644401 0.000000
 1.000000 0.644401 0.000000
 1.000000 0.640201 0.000000
 1.000000 0.640201 0.000000
 1.000000 0.640201 0.000000
 1.000000 0.640201 0.000000
 1.000000 0.636001 0.000000
 1.000000 0.636001 0.000000
 1.000000 0.636001 0.000000
 1.000000 0.636001 0.000000
 1.000000 0.631801 0.000000
 1.000000 0.631801 0.000000
 1.000000 0.631801 0.000000
 1.000000 0.627601 0.000000
 1.000000 0.627601 0.000000
 1.000000 0.627601 0.000000
 1.000000 0.627601 0.000000
 1.000000 0.623401 0.000000
 1.000000 0.623401 0.000000
 1.000000 0.623401 0.000000
 1.000000 0.623401 0.000000
 1.000000 0.619201 0.000000
 1.000000 0.619201 0.000000
 1.000000 0.619201 0.000000
 1.000000 0.615001 0.000000
 1.000000 0.615001 0.000000
 1.000000 0.615001 0.000000
 1.000000 0.615001 0.000000
 1.000000 0.610801 0.000000
 1.000000 0.610801 0.000000
 1.000000 0.610801 0.000000
 1.000000 0.610801 0.000000
 1.000000 0.606601 0.000000
 1.000000 0.606601 0.000000
 1.000000 0.606601 0.000000
 1.000000 0.606601 0.000000
 1.000000 0.602401 0.000000
 1.000000 0.602401 0.000000
 1.000000 0.602401 0.000000
 1.000000 0.598801 0.000000
 1.000000 0.598801 0.000000
 1.000000 0.598801 0.000000
 1.000000 0.598801 0.000000
 1.000000 0.596001 0.000000
 1.000000 0.596001 0.000000
 1.000000 0.596001 0.000000
 1.000000 0.596001 0.000000
 1.000000 0.593201 0.000000
 1.000000 0.593201 0.000000
 1.000000 0.593201 0.000000
 1.000000 0.590401 0.000000
 1.000000 0.590401 0.000000
 1.000000 0.590401 0.000000
 1.000000 0.590401 0.000000
 1.000000 0.587601 0.000000
 1.000000 0.587601 0.000000
 1.000000 0.587601 0.000000
 1.000000 0.587601 0.000000
 1.000000 0.584801 0.000000
 1.000000 0.584801 0.000000
 1.000000 0.584801 0.000000
 1.000000 0.582001 0.000000
 1.000000 0.582001 0.000000
 1.000000 0.582001 0.000000
 1.000000 0.582001 0.000000
 1.000000 0.579201 0.000000
 1.000000 0.579201 0.000000
 1.000000 0.579201 0.000000
 1.000000 0.579201 0.000000
 1.000000 0.576401 0.000000
 1.000000 0.576401 0.000000
 1.000000 0.576401 0.000000
 1.000000 0.576401 0.000000
 1.000000 0.573601 0.000000
 1.000000 0.573601 0.000000
 1.000000 0.573601 0.000000
 1.000000 0.570801 0.000000
 1.000000 0.570801 0.000000
 1.000000 0.570801 0.000000
 1.000000 0.570801 0.000000
 1.000000 0.568001 0.000000
 1.000000 0.568001 0.000000
 1.000000 0.568001 0.000000
 1.000000 0.568001 0.000000
 1.000000 0.565201 0.000000
 1.000000 0.565201 0.000000
 1.000000 0.565201 0.000000
 1.000000 0.562401 0.000000
 1.000000 0.562401 0.000000
 1.000000 0.562401 0.000000
 1.000000 0.562401 0.000000
 1.000000 0.559601 0.000000
 1.000000 0.559601 0.000000
 1.000000 0.559601 0.000000
 1.000000 0.559601 0.000000
 1.000000 0.556801 0.000000
 1.000000 0.556801 0.000000
 1.000000 0.556801 0.000000
 1.000000 0.554001 0.000000
 1.000000 0.554001 0.000000
 1.000000 0.554001 0.000000
 1.000000 0.554001 0.000000
 1.000000 0.551201 0.000000
 1.000000 0.551201 0.000000
 1.000000 0.551201 0.000000
 1.000000 0.551201 0.000000
 1.000000 0.548401 0.000000
 1.000000 0.548401 0.000000
 1.000000 0.548401 0.000000
 1.000000 0.545601 0.000000
 1.000000 0.545601 0.000000
 1.000000 0.545601 0.000000
 1.000000 0.545601 0.000000
 1.000000 0.542801 0.000000
 1.000000 0.542801 0.000000
 1.000000 0.542801 0.000000
 1.000000 0.542801 0.000000
 1.000000 0.540001 0.000000
 1.000000 0.540001 0.000000
 1.000000 0.540001 0.000000
 1.000000 0.540001 0.000000
 1.000000 0.537201 0.000000
 1.000000 0.537201 0.000000
 1.000000 0.537201 0.000000
 1.000000 0.534401 0.000000
 1.000000 0.534401 0.000000
 1.000000 0.534401 0.000000
 1.000000 0.534401 0.000000
 1.000000 0.531601 0.000000
 1.000000 0.531601 0.000000
 1.000000 0.531601 0.000000
 1.000000 0.531601 0.000000
 1.000000 0.528801 0.000000
 1.000000 0.528801 0.000000
 1.000000 0.528801 0.000000
 1.000000 0.526001 0.000000
 1.000000 0.526001 0.000000
 1.000000 0.526001 0.000000
 1.000000 0.526001 0.000000
 1.000000 0.523201 0.000000
 1.000000 0.523201 0.000000
 1.000000 0.523201 0.000000
 1.000000 0.523201 0.000000
 1.000000 0.520401 0.000000
 1.000000 0.520401 0.000000
 1.000000 0.520401 0.000000
 1.000000 0.517601 0.000000
 1.000000 0.517601 0.000000
 1.000000 0.517601 0.000000
 1.000000 0.517601 0.000000
 1.000000 0.514801 0.000000
 1.000000 0.514801 0.000000
 1.000000 0.514801 0.000000
 1.000000 0.514801 0.000000
 1.000000 0.512001 0.000000
 1.000000 0.512001 0.000000
 1.000000 0.512001 0.000000
 1.000000 0.509201 0.000000
 1.000000 0.509201 0.000000
 1.000000 0.509201 0.000000
 1.000000 0.509201 0.000000
 1.000000 0.506401 0.000000
 1.000000 0.506401 0.000000
 1.000000 0.506401 0.000000
 1.000000 0.506401 0.000000
 1.000000 0.503601 0.000000
 1.000000 0.503601 0.000000
 1.000000 0.503601 0.000000
 1.000000 0.503601 0.000000
 1.000000 0.500801 0.000000
 1.000000 0.500801 0.000000
 1.000000 0.500801 0.000000
 1.000000 0.498001 0.000000
 1.000000 0.498001 0.000000
 1.000000 0.498001 0.000000
 1.000000 0.498001 0.000000
 1.000000 0.495201 0.000000
 1.000000 0.495201 0.000000
 1.000000 0.495201 0.000000
 1.000000 0.495201 0.000000
 1.000000 0.492401 0.000000
 1.000000 0.492401 0.000000
 1.000000 0.492401 0.000000
 1.000000 0.489601 0.000000
 1.000000 0.489601 0.000000
 1.000000 0.489601 0.000000
 1.000000 0.489601 0.000000
 1.000000 0.486801 0.000000
 1.000000 0.486801 0.000000
 1.000000 0.486801 0.000000
 1.000000 0.486801 0.000000
 1.000000 0.484001 0.000000
 1.000000 0.484001 0.000000
 1.000000 0.484001 0.000000
 1.000000 0.481201 0.000000
 1.000000 0.481201 0.000000
 1.000000 0.481201 0.000000
 1.000000 0.481201 0.000000
 1.000000 0.478401 0.000000
 1.000000 0.478401 0.000000
 1.000000 0.478401 0.000000
 1.000000 0.478401 0.000000
 1.000000 0.475601 0.000000
 1.000000 0.475601 0.000000
 1.000000 0.475601 0.000000
 1.000000 0.472801 0.000000
 1.000000 0.472801 0.000000
 1.000000 0.472801 0.000000
 1.000000 0.472801 0.000000
 1.000000 0.470001 0.000000
 1.000000 0.470001 0.000000
 1.000000 0.470001 0.000000
 1.000000 0.470001 0.000000
 1.000000 0.467201 0.000000
 1.000000 0.467201 0.000000
 1.000000 0.467201 0.000000
 1.000000 0.467201 0.000000
 1.000000 0.464401 0.000000
 1.000000 0.464401 0.000000
 1.000000 0.464401 0.000000
 1.000000 0.461601 0.000000
 1.000000 0.461601 0.000000
 1.000000 0.461601 0.000000
 1.000000 0.461601 0.000000
 1.000000 0.458801 0.000000
 1.000000 0.458801 0.000000
 1.000000 0.458801 0.000000
 1.000000 0.458801 0.000000
 1.000000 0.456001 0.000000
 1.000000 0.456001 0.000000
 1.000000 0.456001 0.000000
 1.000000 0.453201 0.000000
 1.000000 0.453201 0.000000
 1.000000 0.453201 0.000000
 1.000000 0.453201 0.000000
 1.000000 0.450401 0.000000
 1.000000 0.450401 0.000000
 1.000000 0.450401 0.000000
 1.000000 0.450401 0.000000
 1.000000 0.447601 0.000000
 1.000000 0.447601 0.000000
 1.000000 0.447601 0.000000
 1.000000 0.444801 0.000000
 1.000000 0.444801 0.000000
 1.000000 0.444801 0.000000
 1.000000 0.444801 0.000000
 1.000000 0.442001 0.000000
 1.000000 0.442001 0.000000
 1.000000 0.442001 0.000000
 1.000000 0.442001 0.000000
 1.000000 0.439201 0.000000
 1.000000 0.439201 0.000000
 1.000000 0.439201 0.000000
 1.000000 0.436401 0.000000
 1.000000 0.436401 0.000000
 1.000000 0.436401 0.000000
 1.000000 0.436401 0.000000
 1.000000 0.433601 0.000000
 1.000000 0.433601 0.000000
 1.000000 0.433601 0.000000
 1.000000 0.433601 0.000000
 1.000000 0.430801 0.000000
 1.000000 0.430801 0.000000
 1.000000 0.430801 0.000000
 1.000000 0.430801 0.000000
 1.000000 0.428001 0.000000
 1.000000 0.428001 0.000000
 1.000000 0.428001 0.000000
 1.000000 0.425201 0.000000
 1.000000 0.425201 0.000000
 1.000000 0.425201 0.000000
 1.000000 0.425201 0.000000
 1.000000 0.422401 0.000000
 1.000000 0.422401 0.000000
 1.000000 0.422401 0.000000
 1.000000 0.422401 0.000000
 1.000000 0.419601 0.000000
 1.000000 0.419601 0.000000
 1.000000 0.419601 0.000000
 1.000000 0.416801 0.000000
 1.000000 0.416801 0.000000
 1.000000 0.416801 0.000000
 1.000000 0.416801 0.000000
 1.000000 0.414001 0.000000
 1.000000 0.414001 0.000000
 1.000000 0.414001 0.000000
 1.000000 0.414001 0.000000
 1.000000 0.411201 0.000000
 1.000000 0.411201 0.000000
 1.000000 0.411201 0.000000
 1.000000 0.408401 0.000000
 1.000000 0.408401 0.000000
 1.000000 0.408401 0.000000
 1.000000 0.408401 0.000000
 1.000000 0.405601 0.000000
 1.000000 0.405601 0.000000
 1.000000 0.405601 0.000000
 1.000000 0.405601 0.000000
 1.000000 0.402801 0.000000
 1.000000 0.402801 0.000000
 1.000000 0.402801 0.000000
 1.000000 0.400001 0.000000
 1.000000 0.400001 0.000000
 1.000000 0.400001 0.000000
 1.000000 0.400001 0.000000
 1.000000 0.397201 0.000000
 1.000000 0.397201 0.000000
 1.000000 0.397201 0.000000
 1.000000 0.397201 0.000000
 1.000000 0.394401 0.000000
 1.000000 0.394401 0.000000
 1.000000 0.394401 0.000000
 1.000000 0.394401 0.000000
 1.000000 0.391601 0.000000
 1.000000 0.391601 0.000000
 1.000000 0.391601 0.000000
 1.000000 0.388801 0.000000
 1.000000 0.388801 0.000000
 1.000000 0.388801 0.000000
 1.000000 0.388801 0.000000
 1.000000 0.386001 0.000000
 1.000000 0.386001 0.000000
 1.000000 0.386001 0.000000
 1.000000 0.386001 0.000000
 1.000000 0.383201 0.000000
 1.000000 0.383201 0.000000
 1.000000 0.383201 0.000000
 1.000000 0.380401 0.000000
 1.000000 0.380401 0.000000
 1.000000 0.380401 0.000000
 1.000000 0.380401 0.000000
 1.000000 0.377601 0.000000
 1.000000 0.377601 0.000000
 1.000000 0.377601 0.000000
 1.000000 0.377601 0.000000
 1.000000 0.374801 0.000000
 1.000000 0.374801 0.000000
 1.000000 0.374801 0.000000
 1.000000 0.372001 0.000000
 1.000000 0.372001 0.000000
 1.000000 0.372001 0.000000
 1.000000 0.372001 0.000000
 1.000000 0.369201 0.000000
 1.000000 0.369201 0.000000
 1.000000 0.369201 0.000000
 1.000000 0.369201 0.000000
 1.000000 0.366401 0.000000
 1.000000 0.366401 0.000000
 1.000000 0.366401 0.000000
 1.000000 0.366401 0.000000
 1.000000 0.363601 0.000000
 1.000000 0.363601 0.000000
 1.000000 0.363601 0.000000
 1.000000 0.360801 0.000000
 1.000000 0.360801 0.000000
 1.000000 0.360801 0.000000
 1.000000 0.360801 0.000000
 1.000000 0.358001 0.000000
 1.000000 0.358001 0.000000
 1.000000 0.358001 0.000000
 1.000000 0.358001 0.000000
 1.000000 0.355201 0.000000
 1.000000 0.355201 0.000000
 1.000000 0.355201 0.000000
 1.000000 0.352401 0.000000
 1.000000 0.352401 0.000000
 1.000000 0.352401 0.000000
 1.000000 0.352401 0.000000
 1.000000 0.349601 0.000000
 1.000000 0.349601 0.000000
 1.000000 0.349601 0.000000
 1.000000 0.349601 0.000000
 1.000000 0.346801 0.000000
 1.000000 0.346801 0.000000
 1.000000 0.346801 0.000000
 1.000000 0.344001 0.000000
 1.000000 0.344001 0.000000
 1.000000 0.344001 0.000000
 1.000000 0.344001 0.000000
 1.000000 0.341201 0.000000
 1.000000 0.341201 0.000000
 1.000000 0.341201 0.000000
 1.000000 0.341201 0.000000
 1.000000 0.338401 0.000000
 1.000000 0.338401 0.000000
 1.000000 0.338401 0.000000
 1.000000 0.335601 0.000000
 1.000000 0.335601 0.000000
 1.000000 0.335601 0.000000
 1.000000 0.335601 0.000000
 1.000000 0.332801 0.000000
 1.000000 0.332801 0.000000
 1.000000 0.332801 0.000000
 1.000000 0.332801 0.000000
 1.000000 0.330001 0.000000
 1.000000 0.330001 0.000000
 1.000000 0.330001 0.000000
 1.000000 0.330001 0.000000
 1.000000 0.327201 0.000000
 1.000000 0.327201 0.000000
 1.000000 0.327201 0.000000
 1.000000 0.324401 0.000000
 1.000000 0.324401 0.000000
 1.000000 0.324401 0.000000
 1.000000 0.324401 0.000000
 1.000000 0.321601 0.000000
 1.000000 0.321601 0.000000
 1.000000 0.321601 0.000000
 1.000000 0.321601 0.000000
 1.000000 0.318801 0.000000
 1.000000 0.318801 0.000000
 1.000000 0.318801 0.000000
 1.000000 0.316001 0.000000
 1.000000 0.316001 0.000000
 1.000000 0.316001 0.000000
 1.000000 0.316001 0.000000
 1.000000 0.313201 0.000000
 1.000000 0.313201 0.000000
 1.000000 0.313201 0.000000
 1.000000 0.313201 0.000000
 1.000000 0.310401 0.000000
 1.000000 0.310401 0.000000
 1.000000 0.310401 0.000000
 1.000000 0.307601 0.000000
 1.000000 0.307601 0.000000
 1.000000 0.307601 0.000000
 1.000000 0.307601 0.000000
 1.000000 0.304801 0.000000
 1.000000 0.304801 0.000000
 1.000000 0.304801 0.000000
 1.000000 0.304801 0.000000
 1.000000 0.302001 0.000000
 1.000000 0.302001 0.000000
 1.000000 0.302001 0.000000
 1.000000 0.299201 0.000000
 1.000000 0.299201 0.000000
 1.000000 0.299201 0.000000
 1.000000 0.299201 0.000000
 1.000000 0.296401 0.000000
 1.000000 0.296401 0.000000
 1.000000 0.296401 0.000000
 1.000000 0.296401 0.000000
 1.000000 0.293601 0.000000
 1.000000 0.293601 0.000000
 1.000000 0.293601 0.000000
 1.000000 0.293601 0.000000
 1.000000 0.290801 0.000000
 1.000000 0.290801 0.000000
 1.000000 0.290801 0.000000
 1.000000 0.288001 0.000000
 1.000000 0.288001 0.000000
 1.000000 0.288001 0.000000
 1.000000 0.288001 0.000000
 1.000000 0.285201 0.000000
 1.000000 0.285201 0.000000
 1.000000 0.285201 0.000000
 1.000000 0.285201 0.000000
 1.000000 0.282401 0.000000
 1.000000 0.282401 0.000000
 1.000000 0.282401 0.000000
 1.000000 0.279601 0.000000
 1.000000 0.279601 0.000000
 1.000000 0.279601 0.000000
 1.000000 0.279601 0.000000
 1.000000 0.276801 0.000000
 1.000000 0.276801 0.000000
 1.000000 0.276801 0.000000
 1.000000 0.276801 0.000000
 1.000000 0.274001 0.000000
 1.000000 0.274001 0.000000
 1.000000 0.274001 0.000000
 1.000000 0.271201 0.000000
 1.000000 0.271201 0.000000
 1.000000 0.271201 0.000000
 1.000000 0.271201 0.000000
 1.000000 0.268401 0.000000
 1.000000 0.268401 0.000000
 1.000000 0.268401 0.000000
 1.000000 0.268401 0.000000
 1.000000 0.265601 0.000000
 1.000000 0.265601 0.000000
 1.000000 0.265601 0.000000
 1.000000 0.262801 0.000000
 1.000000 0.262801 0.000000
 1.000000 0.262801 0.000000
 1.000000 0.262801 0.000000
 1.000000 0.260001 0.000000
 1.000000 0.260001 0.000000
 1.000000 0.260001 0.000000
 1.000000 0.260001 0.000000
 1.000000 0.257201 0.000000
 1.000000 0.257201 0.000000
 1.000000 0.257201 0.000000
 1.000000 0.257201 0.000000
 1.000000 0.254401 0.000000
 1.000000 0.254401 0.000000
 1.000000 0.254401 0.000000
 1.000000 0.251601 0.000000
 1.000000 0.251601 0.000000
 1.000000 0.251601 0.000000
 1.000000 0.251601 0.000000
 1.000000 0.248801 0.000000
 1.000000 0.248801 0.000000
 1.000000 0.248801 0.000000
 1.000000 0.248801 0.000000
 1.000000 0.246001 0.000000
 1.000000 0.246001 0.000000
 1.000000 0.246001 0.000000
 1.000000 0.243201 0.000000
 1.000000 0.243201 0.000000
 1.000000 0.243201 0.000000
 1.000000 0.243201 0.000000
 1.000000 0.240401 0.000000
 1.000000 0.240401 0.000000
 1.000000 0.240401 0.000000
 1.000000 0.240401 0.000000
 1.000000 0.237601 0.000000
 1.000000 0.237601 0.000000
 1.000000 0.237601 0.000000
 1.000000 0.234801 0.000000
 1.000000 0.234801 0.000000
 1.000000 0.234801 0.000000
 1.000000 0.234801 0.000000
 1.000000 0.232001 0.000000
 1.000000 0.232001 0.000000
 1.000000 0.232001 0.000000
 1.000000 0.232001 0.000000
 1.000000 0.229201 0.000000
 1.000000 0.229201 0.000000
 1.000000 0.229201 0.000000
 1.000000 0.226401 0.000000
 1.000000 0.226401 0.000000
 1.000000 0.226401 0.000000
 1.000000 0.226401 0.000000
 1.000000 0.223601 0.000000
 1.000000 0.223601 0.000000
 1.000000 0.223601 0.000000
 1.000000 0.223601 0.000000
 1.000000 0.220801 0.000000
 1.000000 0.220801 0.000000
 1.000000 0.220801 0.000000
 1.000000 0.220801 0.000000
 1.000000 0.218001 0.000000
 1.000000 0.218001 0.000000
 1.000000 0.218001 0.000000
 1.000000 0.215201 0.000000
 1.000000 0.215201 0.000000
 1.000000 0.215201 0.000000
 1.000000 0.215201 0.000000
 1.000000 0.212401 0.000000
 1.000000 0.212401 0.000000
 1.000000 0.212401 0.000000
 1.000000 0.212401 0.000000
 1.000000 0.209601 0.000000
 1.000000 0.209601 0.000000
 1.000000 0.209601 0.000000
 1.000000 0.206801 0.000000
 1.000000 0.206801 0.000000
 1.000000 0.206801 0.000000
 1.000000 0.206801 0.000000
 1.000000 0.204001 0.000000
 1.000000 0.204001 0.000000
 1.000000 0.204001 0.000000
 1.000000 0.204001 0.000000
 1.000000 0.201201 0.000000
 1.000000 0.201201 0.000000
 1.000000 0.201201 0.000000
 1.000000 0.196801 0.000000
 1.000000 0.196801 0.000000
 1.000000 0.196801 0.000000
 1.000000 0.196801 0.000000
 1.000000 0.191201 0.000000
 1.000000 0.191201 0.000000
 1.000000 0.191201 0.000000
 1.000000 0.191201 0.000000
 1.000000 0.185601 0.000000
 1.000000 0.185601 0.000000
 1.000000 0.185601 0.000000
 1.000000 0.185601 0.000000
 1.000000 0.180001 0.000000
 1.000000 0.180001 0.000000
 1.000000 0.180001 0.000000
 1.000000 0.174401 0.000000
 1.000000 0.174401 0.000000
 1.000000 0.174401 0.000000
 1.000000 0.174401 0.000000
 1.000000 0.168801 0.000000
 1.000000 0.168801 0.000000
 1.000000 0.168801 0.000000
 1.000000 0.168801 0.000000
 1.000000 0.163201 0.000000
 1.000000 0.163201 0.000000
 1.000000 0.163201 0.000000
 1.000000 0.157601 0.000000
 1.000000 0.157601 0.000000
 1.000000 0.157601 0.000000
 1.000000 0.157601 0.000000
 1.000000 0.152001 0.000000
 1.000000 0.152001 0.000000
 1.000000 0.152001 0.000000
 1.000000 0.152001 0.000000
 1.000000 0.146401 0.000000
 1.000000 0.146401 0.000000
 1.000000 0.146401 0.000000
 1.000000 0.140801 0.000000
 1.000000 0.140801 0.000000
 1.000000 0.140801 0.000000
 1.000000 0.140801 0.000000
 1.000000 0.135201 0.000000
 1.000000 0.135201 0.000000
 1.000000 0.135201 0.000000
 1.000000 0.135201 0.000000
 1.000000 0.129601 0.000000
 1.000000 0.129601 0.000000
 1.000000 0.129601 0.000000
 1.000000 0.124001 0.000000
 1.000000 0.124001 0.000000
 1.000000 0.124001 0.000000
 1.000000 0.124001 0.000000
 1.000000 0.118401 0.000000
 1.000000 0.118401 0.000000
 1.000000 0.118401 0.000000
 1.000000 0.118401 0.000000
 1.000000 0.112802 0.000000
 1.000000 0.112802 0.000000
 1.000000 0.112802 0.000000
 1.000000 0.112802 0.000000
 1.000000 0.107202 0.000000
 1.000000 0.107202 0.000000
 1.000000 0.107202 0.000000
 1.000000 0.101602 0.000000
 1.000000 0.101602 0.000000
 1.000000 0.101602 0.000000
 1.000000 0.101602 0.000000
 1.000000 0.096002 0.000000
 1.000000 0.096002 0.000000
 1.000000 0.096002 0.000000
 1.000000 0.096002 0.000000
 1.000000 0.090402 0.000000
 1.000000 0.090402 0.000000
 1.000000 0.090402 0.000000
 1.000000 0.084802 0.000000
 1.000000 0.084802 0.000000
 1.000000 0.084802 0.000000
 1.000000 0.084802 0.000000
 1.000000 0.079202 0.000000
 1.000000 0.079202 0.000000
 1.000000 0.079202 0.000000
 1.000000 0.079202 0.000000
 1.000000 0.073602 0.000000
 1.000000 0.073602 0.000000
 1.000000 0.073602 0.000000
 1.000000 0.068002 0.000000
 1.000000 0.068002 0.000000
 1.000000 0.068002 0.000000
 1.000000 0.068002 0.000000
 1.000000 0.062402 0.000000
 1.000000 0.062402 0.000000
 1.000000 0.062402 0.000000
 1.000000 0.062402 0.000000
 1.000000 0.056802 0.000000
 1.000000 0.056802 0.000000
 1.000000 0.056802 0.000000
 1.000000 0.051202 0.000000
 1.000000 0.051202 0.000000
 1.000000 0.051202 0.000000
 1.000000 0.051202 0.000000
 1.000000 0.045602 0.000000
 1.000000 0.045602 0.000000
 1.000000 0.045602 0.000000
 1.000000 0.045602 0.000000
 1.000000 0.040002 0.000000
 1.000000 0.040002 0.000000
 1.000000 0.040002 0.000000
 1.000000 0.040002 0.000000
 1.000000 0.034402 0.000000
 1.000000 0.034402 0.000000
 1.000000 0.034402 0.000000
 1.000000 0.028802 0.000000
 1.000000 0.028802 0.000000
 1.000000 0.028802 0.000000
 1.000000 0.028802 0.000000
 1.000000 0.023202 0.000000
 1.000000 0.023202 0.000000
 1.000000 0.023202 0.000000
 1.000000 0.023202 0.000000
 1.000000 0.017602 0.000000
 1.000000 0.017602 0.000000
 1.000000 0.017602 0.000000
 1.000000 0.012002 0.000000
 1.000000 0.012002 0.000000
 1.000000 0.012002 0.000000
 1.000000 0.012002 0.000000
 1.000000 0.006402 0.000000
 1.000000 0.006402 0.000000
 1.000000 0.006402 0.000000
 1.000000 0.006402 0.000000
 1.000000 0.000802 0.000000
 1.000000 0.000802 0.000000
 1.000000 0.000802 0.000000
 1.000000 0.000000 0.000000
 1.000000 0.000000 0.000000
 1.000000 0.000000 0.000000
 1.000000 0.000000 0.000000
 1.000000 0.000000 0.000000
 1.000000 0.000000 0.000000
 1.000000 0.000000 0.000000
 1.000000 0.000000 0.000000
 1.000000 0.000000 0.000000
 1.000000 0.000000 0.000000
 1.000000 0.000000 0.000000
 1.000000 0.000000 0.000000
 1.000000 0.000000 0.000000
 1.000000 0.000000 0.000000
 1.000000 0.000000 0.000000
 1.000000 0.000000 0.000000
 1.000000 0.000000 0.000000
 1.000000 0.000000 0.000000
 1.000000 0.000000 0.000000
 1.000000 0.000000 0.000000
 1.000000 0.000000 0.000000
 1.000000 0.000000 0.000000
 1.000000 0.000000 0.000000
 1.000000 0.000000 0.000000
 1.000000 0.000000 0.000000
 1.000000 0.000000 0.000000
 1.000000 0.000000 0.000000
 1.000000 0.000000 0.000000
 1.000000 0.000000 0.000000
 1.000000 0.000000 0.000000
 1.000000 0.000000 0.000000
 1.000000 0.000000 0.000000
 1.000000 0.000000 0.000000
 1.000000 0.000000 0.000000
 1.000000 0.000000 0.000000
 1.000000 0.000000 0.000000
 1.000000 0.000000 0.000000
 1.000000 0.000000 0.000000
 1.000000 0.000000 0.000000
 1.000000 0.000000 0.000000
 1.000000 0.000000 0.000000
 1.000000 0.000000 0.000000
 1.000000 0.000000 0.000000
 1.000000 0.000000 0.000000
 1.000000 0.000000 0.000000
 1.000000 0.000000 0.000000
 1.000000 0.000000 0.000000
 1.000000 0.000000 0.000000
 1.000000 0.000000 0.000000
 1.000000 0.000000 0.000000
 1.000000 0.000000 0.000000
 1.000000 0.000000 0.000000
 1.000000 0.000000 0.000000
 1.000000 0.000000 0.000000
 1.000000 0.000000 0.000000
 1.000000 0.000000 0.000000
 1.000000 0.000000 0.000000
 1.000000 0.000000 0.000000
 1.000000 0.000000 0.000000
 1.000000 0.000000 0.000000
 1.000000 0.000000 0.000000
 1.000000 0.000000 0.000000
 1.000000 0.000000 0.000000
 1.000000 0.000000 0.000000
 1.000000 0.000000 0.000000
 1.000000 0.000000 0.000000
 1.000000 0.000000 0.000000
 1.000000 0.000000 0.000000
 1.000000 0.000000 0.000000
 1.000000 0.000000 0.000000
 1.000000 0.000000 0.000000
 1.000000 0.000000 0.000000
 1.000000 0.000000 0.000000
 1.000000 0.000000 0.000000
 1.000000 0.000000 0.000000
 1.000000 0.000000 0.000000
 1.000000 0.000000 0.000000
 1.000000 0.000000 0.000000
 1.000000 0.000000 0.000000
 1.000000 0.000000 0.000000
 1.000000 0.000000 0.000000
 1.000000 0.000000 0.000000
 1.000000 0.000000 0.000000
 1.000000 0.000000 0.000000
 1.000000 0.000000 0.000000
 1.000000 0.000000 0.000000
 1.000000 0.000000 0.000000
 1.000000 0.000000 0.000000
 1.000000 0.000000 0.000000
 1.000000 0.000000 0.000000
 1.000000 0.000000 0.000000
 1.000000 0.000000 0.000000
 1.000000 0.000000 0.000000
 1.000000 0.000000 0.000000
 1.000000 0.000000 0.000000
 1.000000 0.000000 0.000000
 1.000000 0.000000 0.000000
 1.000000 0.000000 0.000000
 1.000000 0.000000 0.000000
 1.000000 0.000000 0.000000
 1.000000 0.000000 0.000000
 1.000000 0.000000 0.000000
 1.000000 0.000000 0.000000
 1.000000 0.000000 0.000000
 1.000000 0.000000 0.000000
 1.000000 0.000000 0.000000
 1.000000 0.000000 0.000000
 1.000000 0.000000 0.000000
 1.000000 0.000000 0.000000
 1.000000 0.000000 0.000000
 1.000000 0.000000 0.000000
 1.000000 0.000000 0.000000
 1.000000 0.000000 0.000000
 1.000000 0.000000 0.000000
 1.000000 0.000000 0.000000
 1.000000 0.000000 0.000000
 1.000000 0.000000 0.000000
 1.000000 0.000000 0.000000
 1.000000 0.000000 0.000000
 1.000000 0.000000 0.000000
 1.000000 0.000000 0.000000
 1.000000 0.000000 0.000000
 1.000000 0.000000 0.000000
 1.000000 0.000000 0.000000
 1.000000 0.000000 0.000000
 1.000000 0.000000 0.000000
 1.000000 0.000000 0.000000
 1.000000 0.000000 0.000000
 1.000000 0.000000 0.000000
 1.000000 0.000000 0.000000
 1.000000 0.000000 0.000000
 1.000000 0.000000 0.000000
